0 12
0 66
0 73
0 82
0 90
0 99
1 4
1 21
1 40
1 69
1 86
2 39
2 42
2 71
3 7
3 16
3 18
3 38
3 54
3 59
3 74
3 81
3 84
4 9
4 31
4 36
4 57
4 69
4 86
4 92
5 20
5 37
5 46
5 62
5 67
5 88
5 98
6 51
6 53
6 58
6 64
7 16
7 34
7 38
7 43
7 56
7 59
7 76
7 81
8 22
8 34
8 43
8 52
8 61
8 76
8 89
9 21
9 36
9 57
9 69
9 86
9 92
10 32
10 44
11 19
11 46
11 67
11 72
12 73
12 82
12 99
13 15
13 22
13 48
13 52
13 60
13 63
13 64
13 70
13 80
13 83
13 89
14 67
14 75
14 77
14 96
15 22
15 48
15 51
15 53
15 60
15 64
15 70
15 80
15 83
16 34
16 38
16 43
16 54
16 59
16 76
17 35
17 50
17 55
17 59
17 84
18 54
18 59
18 74
18 84
19 24
19 46
19 49
19 72
20 37
20 46
20 67
20 75
20 78
20 88
20 98
21 41
21 69
21 86
21 92
22 43
22 48
22 52
22 60
22 63
22 70
22 76
22 80
22 83
22 89
22 90
23 25
23 27
23 28
23 41
24 49
24 72
25 27
25 28
25 41
26 33
26 77
27 41
27 47
27 79
27 85
28 41
29 45
29 55
29 62
30 54
30 56
30 81
31 36
31 57
32 44
32 91
33 77
33 97
34 38
34 43
34 76
34 90
34 95
35 50
35 94
36 57
37 65
37 67
37 68
37 75
37 78
37 85
37 88
37 93
37 97
37 98
38 45
38 59
38 95
39 42
39 71
40 58
40 69
40 82
41 92
42 71
42 87
43 76
43 89
43 90
43 95
44 91
45 55
45 66
46 67
46 72
46 88
47 65
47 68
47 78
47 79
47 85
47 97
48 52
48 60
48 63
48 70
48 89
48 91
50 94
51 53
51 58
51 60
51 64
51 80
51 83
52 60
52 61
52 63
52 89
52 91
53 58
53 64
53 80
54 59
54 74
54 81
56 81
57 86
57 92
58 64
58 80
58 82
58 83
59 74
59 84
60 64
60 70
60 80
60 83
60 89
61 63
61 89
62 66
63 89
63 91
64 70
64 80
64 83
65 68
65 85
65 88
65 93
65 98
66 73
66 95
67 75
67 88
68 85
68 88
68 93
68 98
69 86
70 80
70 83
70 89
70 90
70 99
73 82
73 99
74 84
75 77
75 78
75 96
75 97
76 89
76 90
76 95
77 78
77 96
77 97
78 79
78 85
78 97
79 85
79 97
80 83
83 90
83 99
85 93
86 92
88 93
88 98
90 95
90 99
93 98
95 99
