0 31
0 56
0 95
1 4
1 10
1 28
1 29
1 36
1 41
1 63
1 73
1 75
1 83
1 87
2 7
2 55
2 58
2 76
3 46
3 64
3 65
3 68
3 70
3 74
3 97
4 10
4 41
4 63
4 82
5 16
5 50
5 69
5 78
6 43
6 59
6 84
6 93
7 55
7 76
8 14
8 19
8 40
8 42
9 11
9 13
9 22
9 37
9 43
9 67
10 41
10 57
10 63
10 82
11 13
11 37
11 67
12 15
12 16
12 62
12 69
12 79
12 80
13 37
13 67
14 19
14 25
14 39
14 40
14 54
15 17
15 62
15 69
16 69
16 78
16 80
17 62
18 23
18 72
18 90
18 91
19 39
19 40
19 45
19 52
19 89
19 92
20 27
20 30
20 38
20 49
20 58
21 32
21 52
21 75
21 85
21 86
21 89
21 96
21 98
21 99
22 34
22 51
23 25
23 42
23 54
23 72
23 90
24 94
25 39
25 54
26 44
26 47
26 66
26 71
27 49
27 73
27 75
27 96
27 98
28 29
28 32
28 35
28 36
28 48
28 53
28 63
28 81
28 83
28 87
28 88
29 32
29 35
29 36
29 41
29 48
29 63
29 81
29 83
29 87
29 88
30 38
30 49
30 56
30 58
30 95
31 78
32 35
32 36
32 53
32 75
32 81
32 83
32 85
32 86
32 87
32 99
33 61
33 84
34 51
35 36
35 48
35 53
35 81
35 83
35 86
35 87
35 88
36 63
36 73
36 75
36 81
36 83
36 86
36 87
36 99
37 43
37 59
37 67
38 49
38 55
38 56
38 58
38 76
38 95
39 54
39 89
41 57
41 63
41 73
41 82
42 46
43 59
43 67
43 93
44 47
44 66
44 71
44 72
44 90
44 91
45 52
45 85
45 89
45 92
46 51
46 70
46 74
47 60
47 66
47 71
47 77
48 63
48 88
49 58
49 76
50 78
51 74
52 85
52 86
52 89
52 92
52 99
53 81
53 88
55 56
55 58
55 76
56 95
57 58
57 76
57 82
58 76
59 67
59 84
59 93
60 64
60 65
60 68
60 97
61 84
62 69
63 83
64 65
64 68
64 91
64 97
65 68
65 91
65 97
66 71
66 77
68 97
69 78
69 80
70 74
71 90
71 91
72 79
72 90
73 75
73 83
73 96
75 83
75 87
75 96
75 98
75 99
79 80
81 83
81 85
81 86
81 87
81 88
81 99
83 86
83 87
83 99
84 93
85 86
85 87
85 89
85 92
85 96
85 99
86 87
86 89
86 96
86 99
87 99
89 92
89 96
89 99
90 91
96 98
96 99
