0 6
0 12
0 31
0 40
0 41
0 44
0 48
0 53
0 96
1 3
1 43
1 54
1 56
1 67
2 8
2 19
2 46
2 50
2 88
3 43
3 54
3 56
3 67
4 27
4 32
4 39
4 53
4 70
4 73
5 7
5 38
5 60
5 80
5 81
6 12
6 18
6 31
6 41
6 44
6 48
6 53
6 91
6 99
7 72
7 81
7 82
8 19
8 46
9 24
9 40
9 75
9 89
9 96
10 17
10 59
11 25
11 26
11 46
11 50
11 71
11 76
11 88
11 92
12 18
12 31
12 41
12 44
12 48
12 49
12 91
12 99
13 52
13 63
13 93
14 23
14 37
14 44
14 49
14 64
15 38
15 51
15 80
15 93
16 22
16 39
16 58
16 87
17 18
17 59
17 83
17 91
17 99
18 19
18 44
18 48
18 91
18 99
20 26
20 48
20 58
20 84
20 94
21 29
21 33
21 90
22 58
22 87
23 37
23 56
23 64
23 79
23 98
24 72
24 75
24 82
24 89
25 26
25 46
25 50
25 71
25 88
26 42
26 71
26 76
26 84
26 88
26 92
26 94
27 32
27 39
27 66
27 70
27 73
27 85
27 96
28 34
28 36
28 61
28 68
28 69
29 86
29 90
30 36
30 60
30 78
31 41
31 44
31 48
31 53
32 39
32 53
32 70
32 73
32 96
33 37
33 57
33 65
33 79
33 90
33 98
34 61
34 66
34 68
34 69
34 77
35 43
35 54
35 67
35 74
36 97
37 57
37 64
37 79
37 98
38 51
38 60
38 78
38 80
39 73
40 89
40 96
41 48
41 53
42 58
42 71
42 76
42 92
42 94
43 54
43 67
43 74
44 49
44 64
44 83
44 91
44 99
45 55
46 50
46 88
47 52
47 62
47 63
47 86
47 95
48 53
49 64
49 83
49 91
49 99
50 88
51 80
51 93
52 63
52 93
53 96
54 56
54 67
54 74
56 67
57 65
57 79
57 90
57 98
58 92
58 94
60 78
60 80
61 66
61 69
61 77
61 85
62 86
62 95
63 95
64 83
64 99
65 79
65 86
65 90
65 98
66 69
66 73
66 77
66 85
67 74
69 77
69 85
70 73
70 96
71 76
71 84
71 88
71 92
72 75
72 81
72 82
73 85
73 96
75 82
75 89
76 84
76 92
76 94
77 85
78 80
79 98
81 82
83 91
83 99
84 92
84 94
86 90
86 95
89 96
91 99
92 94
