0 18
0 21
0 26
0 32
0 50
0 54
0 59
0 63
0 65
0 85
1 4
1 33
1 42
1 43
1 48
1 52
1 71
1 72
1 87
1 90
1 91
1 92
2 10
2 31
2 74
3 38
3 94
4 30
4 41
4 42
4 71
4 72
4 78
4 90
4 91
4 92
5 20
5 23
5 37
5 39
5 83
5 84
5 89
5 93
6 36
6 37
6 56
6 66
7 95
7 98
8 30
8 41
8 55
8 78
9 29
9 76
9 86
10 31
10 57
10 74
10 82
10 96
11 13
11 17
11 21
11 32
11 35
11 45
11 69
11 73
11 85
11 86
12 15
12 27
12 44
12 57
12 68
12 82
12 96
13 35
13 45
13 49
13 62
13 65
13 69
14 30
14 41
14 51
14 90
15 27
15 44
15 68
15 81
15 99
16 20
16 24
16 39
16 79
16 80
17 35
17 45
17 69
18 50
18 54
18 59
18 61
18 63
18 65
19 25
19 46
19 47
19 70
19 74
19 98
20 24
20 39
20 79
20 80
20 83
20 89
21 26
21 32
21 35
21 45
21 59
21 69
21 73
21 85
21 86
22 49
22 50
22 54
22 60
22 61
22 62
22 63
22 65
22 97
23 36
23 40
23 84
23 93
24 39
24 79
24 80
25 46
25 47
25 70
25 74
25 98
26 32
26 59
26 73
26 76
26 85
26 86
27 44
27 68
27 81
27 99
28 40
28 53
28 58
28 67
28 75
28 88
29 46
30 41
30 42
30 71
30 78
30 90
31 74
31 96
32 45
32 59
32 69
32 73
32 76
32 85
32 86
33 43
33 48
33 52
33 60
33 87
33 91
34 51
35 45
35 69
35 73
36 37
36 56
36 81
36 99
37 56
37 66
37 83
37 89
38 78
38 94
39 79
39 80
39 83
39 89
39 93
40 53
40 84
40 93
41 78
41 90
42 71
42 72
42 78
42 90
42 91
42 92
43 48
43 52
43 87
43 91
43 92
44 68
44 81
44 84
44 99
45 69
45 73
45 85
45 86
46 47
46 98
47 70
47 74
47 98
48 52
48 60
48 87
48 91
48 97
49 50
49 60
49 62
49 63
49 65
50 54
50 59
50 61
50 63
50 65
52 90
52 91
52 92
53 58
53 67
53 93
54 59
54 61
54 63
54 65
56 66
57 82
57 96
58 67
58 75
58 87
58 88
59 63
59 65
59 85
60 62
60 63
60 65
60 97
61 63
61 65
61 97
62 63
62 65
63 65
67 75
67 82
67 88
68 81
69 73
69 85
69 86
70 74
70 98
71 72
71 78
71 90
71 91
71 92
72 91
72 92
73 76
73 85
73 86
75 87
75 88
76 85
76 86
78 94
79 80
81 99
82 96
83 89
84 93
85 86
87 88
90 91
90 92
91 92
