0 14
0 50
0 93
1 5
1 25
1 26
1 28
1 45
1 48
1 49
1 58
1 69
1 84
1 89
2 12
2 27
2 29
2 37
2 77
2 80
3 11
3 20
3 74
3 76
4 36
4 42
4 61
4 63
4 70
4 91
4 96
4 97
4 98
5 25
5 26
5 40
5 52
5 58
5 69
5 84
5 85
5 89
6 14
6 18
6 23
6 33
6 39
6 49
6 56
7 10
7 68
7 79
7 99
8 23
8 28
8 30
8 47
8 57
8 71
8 75
9 16
9 46
9 53
9 62
9 65
10 24
10 34
10 77
10 79
10 80
10 99
11 20
11 74
11 76
11 95
12 27
12 29
12 37
12 68
12 77
12 99
13 15
13 19
13 35
13 60
14 18
14 25
14 50
15 19
15 35
15 60
16 53
16 62
16 65
17 43
17 73
17 82
18 25
18 33
18 39
19 35
19 60
20 74
20 95
21 32
21 44
21 45
21 48
21 58
21 66
21 90
22 48
22 71
22 82
22 90
22 94
23 28
23 30
23 33
23 39
23 47
23 49
23 56
23 57
23 75
24 34
24 77
24 79
24 80
24 83
25 26
25 39
25 49
25 69
25 84
25 89
26 28
26 39
26 49
26 69
26 84
26 89
27 29
27 37
27 67
27 77
27 78
27 80
28 30
28 33
28 39
28 49
28 69
28 75
29 37
29 67
29 77
29 78
29 80
30 33
30 39
30 47
30 49
30 56
30 57
30 75
31 38
31 40
31 54
31 88
32 44
32 45
32 48
32 52
32 58
32 66
32 85
33 39
33 49
33 56
33 57
33 69
33 75
34 77
34 79
34 80
34 83
35 60
35 72
35 92
36 42
36 43
36 61
36 63
36 96
36 97
38 54
38 88
39 49
39 56
39 69
39 75
40 50
40 54
40 93
41 51
41 64
42 43
42 61
42 63
42 96
42 97
43 63
43 73
43 82
43 96
44 45
44 52
44 58
44 66
44 85
45 48
45 52
45 58
45 66
45 85
45 89
45 90
46 47
46 57
46 67
46 78
46 87
47 57
47 67
47 75
47 78
47 87
48 90
49 69
49 75
49 84
50 93
51 64
52 54
52 58
52 84
52 85
52 88
52 89
53 62
53 65
53 83
54 85
54 88
55 59
55 61
55 66
55 97
55 98
56 57
56 75
56 87
57 75
57 87
58 84
58 85
58 89
59 61
59 66
59 98
61 63
61 96
61 97
61 98
62 65
63 70
63 91
63 96
63 97
66 98
67 78
68 81
68 99
69 84
69 89
70 72
70 86
70 91
70 92
71 82
71 94
72 92
73 82
73 94
74 76
76 87
77 80
79 99
80 83
82 94
84 85
84 89
85 89
86 91
96 97
97 98
