0 16
0 33
0 50
0 55
0 62
0 65
0 79
0 82
1 3
1 15
1 22
1 63
2 13
2 27
2 40
2 57
2 88
2 96
3 15
3 22
3 63
4 8
4 20
5 12
5 17
5 18
5 19
5 42
5 64
6 14
6 19
6 23
6 26
6 64
6 74
6 84
6 90
7 11
7 32
7 35
7 49
8 56
8 58
9 32
10 23
10 46
10 60
10 81
10 84
10 85
11 37
11 49
11 52
11 89
11 99
12 18
12 19
12 42
12 64
13 27
13 57
13 96
14 23
14 26
14 74
14 84
14 90
14 92
15 22
15 31
15 63
15 72
15 78
15 97
16 33
16 34
16 50
16 67
16 86
17 36
17 42
17 43
18 42
19 21
19 40
19 64
20 45
20 68
20 98
21 30
21 46
21 48
21 50
21 90
22 31
22 91
23 26
23 46
23 74
23 84
23 90
23 92
24 37
24 39
24 52
24 53
24 69
24 89
25 54
25 71
25 73
26 38
26 43
26 74
26 84
26 92
27 28
27 40
27 57
27 77
27 88
28 34
28 40
28 67
28 77
28 86
28 88
29 47
29 69
30 46
30 48
30 50
30 90
31 51
31 78
31 83
31 91
32 49
32 99
33 34
33 50
33 67
33 86
34 67
34 77
34 86
35 85
36 38
36 42
36 43
36 71
37 39
37 52
37 53
37 89
37 99
38 43
39 52
39 53
39 66
39 89
39 99
40 57
40 77
40 88
41 46
41 48
41 50
41 62
41 75
41 82
43 71
44 66
44 89
44 99
45 68
45 87
45 93
45 98
46 48
46 90
47 69
47 80
48 50
48 82
48 90
49 99
50 82
51 78
51 83
51 97
52 53
52 89
52 99
53 89
54 58
54 61
54 94
55 62
55 65
55 79
55 80
56 58
56 61
56 95
57 88
57 96
58 94
59 76
59 87
59 93
60 74
60 81
60 84
60 85
60 92
61 95
62 65
62 79
62 82
63 72
63 78
63 97
65 75
65 79
65 80
65 82
66 89
66 99
67 77
67 86
67 88
68 98
71 73
72 97
73 94
74 81
74 84
74 92
75 79
75 80
76 87
76 93
77 86
77 88
78 83
78 91
78 97
79 80
79 82
81 84
81 85
81 92
84 85
84 92
86 88
87 93
89 99
