0 17
0 18
0 19
0 57
0 86
0 94
1 9
1 17
1 18
1 25
1 36
1 39
1 93
1 94
2 24
2 46
2 47
2 50
3 7
3 11
3 30
3 43
3 62
3 65
3 77
3 91
4 42
4 64
4 69
4 76
4 79
4 87
5 6
5 10
5 75
5 88
6 10
6 24
6 46
6 75
6 92
7 11
7 28
7 43
7 59
7 62
7 65
7 71
7 73
7 91
8 14
8 16
8 38
8 54
8 60
8 67
8 69
9 21
9 82
9 93
10 46
10 56
10 75
10 88
11 13
11 59
11 65
11 73
12 31
12 33
12 44
12 55
12 72
12 78
12 84
13 28
13 58
13 59
13 73
13 89
14 20
14 26
14 40
14 41
14 85
15 22
15 27
15 48
15 54
15 67
15 68
15 98
16 28
16 48
16 60
16 67
16 70
16 71
17 18
17 39
17 57
17 94
18 22
18 30
18 49
18 62
18 70
18 94
19 57
19 86
20 32
20 41
20 85
20 90
21 80
21 82
21 93
21 95
22 48
22 49
22 67
22 70
23 39
23 57
24 46
24 47
24 50
25 36
25 37
25 39
25 74
25 95
26 40
26 64
26 85
27 35
27 48
27 68
27 98
28 58
28 60
28 65
28 71
28 73
28 89
28 91
29 34
29 92
30 43
30 49
30 62
30 65
30 70
30 71
30 91
31 33
31 44
31 51
31 55
31 72
31 78
31 84
32 41
32 85
32 90
33 51
33 78
33 84
34 92
35 53
35 68
35 98
36 37
36 39
36 51
36 74
36 95
37 39
37 51
37 74
37 78
37 95
38 54
38 64
38 69
38 76
38 87
39 57
39 94
40 64
41 58
41 89
41 90
42 79
42 81
43 62
43 65
43 77
43 91
44 55
44 72
44 74
44 78
44 84
44 96
44 97
45 63
46 75
46 88
47 50
48 49
48 67
48 70
49 62
49 70
49 91
49 94
50 80
51 74
51 78
51 84
52 86
52 99
53 66
53 81
54 60
54 67
54 69
54 76
54 87
54 98
55 72
55 74
55 78
55 84
55 96
55 97
56 61
56 66
56 88
58 60
58 89
58 90
59 73
60 67
60 89
61 66
61 81
61 88
62 65
62 70
62 71
62 91
63 77
64 69
64 76
64 79
64 87
65 71
65 91
66 81
66 88
67 70
67 71
68 98
69 76
69 87
70 71
70 91
71 91
72 78
72 84
74 78
74 95
75 92
76 87
78 84
79 81
80 82
80 93
82 93
82 95
83 99
86 99
89 90
93 95
96 97
