0 6
0 24
0 25
0 38
0 51
0 58
0 78
0 88
0 99
1 7
1 26
1 34
1 44
1 52
2 16
2 21
2 65
2 71
2 75
2 76
2 77
3 5
3 46
3 53
3 64
3 82
3 87
4 44
4 52
4 61
4 66
4 69
4 73
4 80
4 84
4 98
5 12
5 30
5 46
5 53
5 62
5 82
5 97
6 13
6 22
6 24
6 85
6 88
6 99
7 32
7 37
7 38
7 45
7 50
7 79
7 90
8 16
8 23
8 27
8 28
8 31
8 39
8 49
8 50
8 76
8 77
9 29
9 40
9 43
9 68
10 48
10 83
10 94
11 15
11 35
11 72
11 81
12 30
12 62
12 82
12 97
13 22
13 85
14 55
14 95
15 35
15 81
16 27
16 28
16 31
16 37
16 50
16 65
16 71
16 75
16 76
16 77
17 41
17 42
17 60
17 68
17 86
17 96
18 35
19 47
19 63
19 73
19 91
19 93
20 26
20 33
20 36
20 57
20 67
21 48
21 55
21 65
21 71
21 77
21 92
21 94
22 85
23 27
23 28
23 45
23 49
23 50
23 51
23 58
23 78
24 25
24 53
24 88
24 99
25 32
25 38
25 45
25 51
25 58
25 78
25 88
25 99
26 32
26 34
26 36
26 38
26 57
26 67
27 28
27 31
27 45
27 49
27 50
27 76
27 77
28 31
28 37
28 45
28 49
28 50
28 51
28 76
28 90
29 40
29 41
29 43
30 46
30 62
30 82
30 97
31 48
31 76
31 77
31 83
31 94
32 34
32 38
32 45
32 51
32 78
32 90
33 36
33 44
33 57
33 74
33 84
34 36
34 44
34 52
34 57
34 67
36 44
36 52
36 57
36 67
36 74
36 84
37 50
37 59
37 71
37 75
37 76
37 79
37 90
38 45
38 51
38 78
38 90
40 43
40 49
40 58
41 42
41 60
41 86
42 60
42 86
43 68
44 52
44 84
45 49
45 50
45 51
45 58
45 78
45 90
46 53
46 82
46 87
47 63
47 73
47 91
47 93
48 65
48 77
48 83
48 94
49 51
49 58
49 78
50 75
50 76
50 79
50 90
51 58
51 78
51 90
52 56
52 84
52 98
53 64
53 82
53 87
54 55
54 92
54 95
55 92
55 95
56 59
56 72
56 89
56 98
57 67
57 74
58 78
58 88
59 75
59 79
60 68
60 86
61 66
61 69
61 73
61 80
61 91
61 98
62 82
62 97
63 69
63 73
63 91
63 93
64 87
65 71
65 75
65 76
65 77
65 92
66 69
66 73
66 80
66 84
68 96
69 73
69 80
69 91
69 98
70 74
71 75
71 76
71 77
72 80
72 89
72 98
73 80
73 89
73 91
73 98
74 84
75 76
75 79
76 77
76 79
77 83
77 94
78 88
79 90
80 89
80 91
80 98
82 87
82 97
83 94
88 99
89 91
89 98
91 98
