0 13
0 75
0 76
0 84
0 97
1 30
1 62
2 10
2 22
2 31
2 41
2 78
2 87
2 93
3 38
3 83
4 18
4 32
4 56
5 50
5 58
5 64
5 94
6 9
6 12
6 20
6 33
6 37
6 48
7 38
7 40
7 51
7 55
7 60
7 67
7 83
8 13
8 65
9 12
9 20
9 33
9 37
9 48
10 31
10 87
11 17
11 24
11 69
11 85
11 96
12 20
12 28
12 33
12 37
12 48
12 52
13 65
13 75
13 84
13 97
14 36
14 45
14 47
14 56
14 61
14 68
14 79
14 95
14 98
15 51
15 60
15 81
15 82
16 19
16 23
16 46
16 59
16 73
16 88
16 92
16 99
17 24
17 96
18 32
18 56
19 21
19 23
19 46
19 54
19 59
19 73
19 88
19 90
19 92
19 99
20 33
20 37
20 48
21 23
21 46
21 54
21 59
21 63
21 73
21 86
21 90
22 28
22 31
22 41
22 52
22 78
22 93
23 46
23 54
23 59
23 71
23 73
23 82
23 86
23 90
23 92
23 99
24 43
24 96
25 35
25 45
25 56
25 72
25 98
26 32
26 53
26 86
27 35
27 70
27 85
28 41
28 52
29 30
29 91
30 39
30 62
30 91
31 36
31 41
31 61
31 78
31 87
31 93
32 53
33 37
33 48
34 42
34 44
34 49
34 53
34 66
34 68
34 74
34 76
34 79
34 80
34 95
35 45
35 52
35 70
35 72
35 98
36 47
36 61
36 78
36 93
37 48
38 40
38 60
38 67
38 83
39 43
39 62
39 91
40 55
40 60
40 67
41 87
41 93
42 44
42 49
42 53
42 66
42 74
42 76
42 90
43 91
44 49
44 53
44 66
44 68
44 74
44 76
44 79
44 80
44 95
45 61
45 72
45 78
45 93
45 98
46 54
46 59
46 63
46 73
46 86
46 90
47 61
47 68
47 79
47 80
47 95
49 53
49 66
49 74
49 75
49 76
50 58
50 64
51 55
51 60
51 89
53 66
53 68
53 79
54 59
54 63
54 73
54 86
54 90
55 60
56 68
56 98
57 77
58 64
58 71
58 81
58 99
59 63
59 73
59 86
59 90
61 78
61 93
61 98
62 91
63 74
64 81
64 89
66 68
66 76
66 79
66 80
66 95
67 83
68 79
68 80
68 95
69 85
70 85
71 81
71 82
71 99
72 78
72 93
72 98
73 88
73 92
73 99
74 75
74 76
74 84
74 97
75 76
75 84
75 97
76 79
76 80
76 84
78 93
78 98
79 80
79 95
80 95
81 82
82 86
84 97
86 90
87 93
88 92
88 94
88 99
92 94
92 99
94 99
