0 27
0 33
1 17
1 61
1 69
1 71
1 73
2 14
2 47
2 50
2 59
2 66
2 77
2 83
2 93
2 94
3 7
3 21
3 24
3 44
3 65
3 99
4 12
4 17
4 26
4 35
4 56
4 73
4 84
4 87
4 95
5 10
5 36
5 49
5 67
6 15
6 22
6 25
6 58
7 21
7 24
7 44
7 55
7 65
7 99
8 17
8 56
8 60
8 62
8 96
9 14
9 28
9 37
9 94
10 16
10 36
10 46
10 49
10 67
10 75
11 25
11 40
11 90
12 26
12 35
12 51
12 68
12 78
12 84
12 87
12 91
12 95
14 59
14 89
14 93
14 94
15 22
15 25
15 40
16 46
16 49
16 67
16 75
17 56
17 61
17 69
17 71
17 73
17 80
17 96
18 70
18 82
18 88
18 98
19 76
19 88
19 98
20 28
20 37
20 48
20 52
20 78
20 85
20 97
21 44
21 65
21 99
22 30
22 43
22 58
22 70
22 74
23 89
24 44
24 55
24 71
24 80
24 96
24 99
25 40
25 90
26 35
26 56
26 68
26 73
26 84
26 87
26 95
27 31
27 33
27 45
27 52
27 85
28 37
28 48
28 78
28 97
29 32
29 40
29 57
29 76
29 88
29 90
29 98
30 43
30 54
30 70
30 72
30 74
30 82
30 92
31 33
31 45
31 52
31 85
32 40
32 57
32 64
32 76
32 81
32 88
32 90
33 45
33 52
33 85
34 42
34 47
34 59
34 77
34 83
34 93
35 54
35 56
35 84
35 87
35 95
36 49
36 67
37 48
37 97
38 42
38 49
38 50
38 66
38 67
38 77
38 83
39 55
39 62
40 76
40 90
42 47
42 50
42 59
42 66
42 77
42 83
42 93
43 58
43 70
43 74
43 79
44 80
44 99
45 52
45 85
46 49
46 67
46 75
47 58
47 59
47 77
47 79
47 83
47 93
48 52
48 78
48 85
48 97
49 67
49 75
50 59
50 66
50 77
50 83
50 93
51 68
51 78
51 79
51 84
51 87
51 91
51 95
52 85
52 97
53 62
53 72
53 82
53 92
54 56
54 60
54 70
54 72
54 74
54 82
54 92
55 62
55 99
56 60
56 72
56 92
56 95
56 96
57 64
57 76
57 81
57 90
58 79
58 93
59 66
59 77
59 83
59 93
60 62
60 72
60 92
60 96
61 69
61 71
61 73
62 72
62 96
63 86
64 81
64 90
66 77
66 83
66 93
67 75
68 78
68 84
68 87
68 95
69 73
70 72
70 74
70 82
70 92
71 80
72 82
72 92
74 82
74 92
76 88
76 90
76 98
77 83
77 93
78 84
78 87
78 91
79 91
79 93
80 96
80 99
81 90
82 92
83 93
84 87
84 91
84 95
85 97
87 91
87 95
88 98
96 99
