0 25
0 28
0 45
0 50
0 80
0 83
1 8
1 15
1 17
1 41
1 73
1 77
1 81
1 90
2 9
2 13
2 19
2 22
2 23
2 35
2 46
2 66
2 67
2 72
2 92
3 29
3 59
3 69
3 84
4 9
4 35
4 38
4 53
4 91
4 92
4 94
5 36
6 16
6 37
6 40
6 84
6 88
7 21
8 15
8 17
8 81
9 38
9 46
9 53
9 67
9 91
9 92
10 11
10 18
10 20
10 34
10 64
10 74
10 95
11 34
11 49
11 52
11 61
11 74
11 78
11 94
11 95
12 30
12 52
12 61
12 62
12 85
12 93
13 19
13 22
13 23
13 51
13 66
13 72
14 33
14 42
14 47
14 63
14 71
14 75
14 79
14 97
14 99
15 17
15 41
15 73
15 77
15 81
15 90
16 20
16 26
16 29
16 37
16 64
16 77
17 77
17 81
18 26
18 29
18 34
18 43
18 74
18 94
18 95
19 22
19 23
19 46
19 51
19 66
19 72
20 26
20 29
20 34
20 37
20 64
20 77
20 90
20 95
22 23
22 46
22 51
22 66
23 46
23 66
24 69
24 84
24 88
25 28
25 45
25 50
25 80
25 83
26 29
26 37
26 64
26 95
27 54
27 58
27 60
27 65
27 68
27 87
28 45
28 50
28 80
28 83
29 37
29 43
29 59
29 64
30 55
30 57
30 62
30 63
30 70
30 76
30 85
30 93
31 32
31 96
32 44
32 86
32 96
33 39
33 47
33 63
33 71
33 75
33 79
33 97
33 99
34 74
34 95
35 38
35 49
35 66
35 72
35 78
35 92
35 94
36 67
37 64
37 77
38 53
38 91
38 92
38 94
39 71
39 75
39 79
39 97
40 56
40 84
40 88
41 70
41 73
41 77
41 90
42 47
42 71
42 75
42 79
42 97
43 53
43 59
44 82
44 86
44 96
45 50
45 80
45 83
46 66
46 67
47 62
47 63
47 71
47 85
47 93
47 99
49 52
49 61
49 66
49 72
49 78
49 92
49 94
50 80
50 83
52 61
52 74
52 78
52 93
52 94
53 91
53 92
53 94
54 58
54 60
54 65
54 68
54 87
54 89
55 57
55 63
55 70
55 76
55 99
57 62
57 63
57 70
57 76
57 85
58 60
58 61
58 65
58 68
58 89
60 65
60 68
60 87
60 89
61 72
61 78
61 93
62 63
62 76
62 85
62 93
63 71
63 85
63 99
64 77
64 90
64 95
65 68
65 87
65 89
66 72
66 92
67 91
68 87
68 89
69 84
69 88
70 76
70 90
71 75
71 79
71 97
71 99
72 78
72 92
74 78
74 94
74 95
75 79
75 97
75 99
76 85
77 81
77 90
78 92
78 94
79 97
79 99
80 83
82 86
82 91
82 96
84 88
85 93
85 99
86 96
87 89
90 95
92 94
97 99
