0 15
0 20
0 31
0 33
0 35
0 42
0 51
0 56
0 58
0 95
1 4
1 17
1 18
1 68
1 82
1 85
1 86
1 90
1 96
2 27
2 39
2 48
2 52
2 64
2 71
3 5
3 25
3 87
3 93
4 18
4 68
4 82
4 85
4 86
4 90
4 96
5 25
5 50
5 87
5 93
6 13
6 36
6 47
6 77
6 92
7 57
7 59
8 19
8 26
8 38
8 49
8 54
8 74
8 89
9 17
9 31
9 56
9 64
9 71
9 75
9 81
10 16
10 34
10 44
10 61
10 66
10 69
11 60
11 62
11 97
12 23
12 32
12 37
12 46
12 60
12 62
12 65
12 84
12 88
13 21
13 30
13 47
13 77
13 92
14 16
14 22
14 61
14 66
14 70
14 91
15 18
15 20
15 33
15 51
15 58
16 44
16 61
16 66
17 18
17 56
17 71
17 75
17 81
17 85
18 56
18 68
18 82
18 85
19 22
19 26
19 38
19 41
19 54
19 74
19 91
20 33
20 35
20 51
20 58
20 99
21 30
21 47
21 54
21 74
21 92
22 38
22 39
22 41
22 54
22 66
22 70
22 74
22 91
23 46
23 60
23 62
23 88
24 32
24 37
24 65
24 84
25 87
25 93
26 57
26 59
26 63
26 89
26 97
27 48
27 52
27 64
27 71
28 46
28 62
28 76
28 99
29 48
29 75
29 78
29 80
29 81
30 47
30 59
30 63
31 40
31 42
31 56
31 64
31 71
31 72
31 94
31 95
32 37
32 65
32 84
32 88
33 35
33 51
33 58
34 67
34 69
34 79
35 51
35 58
35 76
35 99
36 77
37 65
37 84
37 88
38 39
38 41
38 54
38 70
38 74
38 91
39 41
39 66
39 91
40 41
40 42
40 64
40 72
40 83
40 94
40 95
41 83
41 91
41 94
42 64
42 72
42 83
42 94
42 95
43 53
44 61
44 66
45 73
45 98
46 60
46 62
46 99
47 54
47 70
47 74
47 77
47 92
48 50
48 52
48 71
48 75
48 78
48 81
49 83
50 52
50 78
51 58
52 64
52 71
52 75
54 70
54 74
54 92
56 64
56 71
56 75
56 81
57 59
57 63
57 89
57 97
59 63
59 89
60 62
60 84
61 66
63 89
63 97
64 71
64 94
64 95
65 84
65 88
67 69
68 82
68 85
68 86
68 90
68 96
70 74
70 91
70 92
71 75
71 81
72 76
72 83
72 94
72 95
73 98
74 92
75 81
75 85
76 99
78 80
81 85
82 85
82 86
82 90
82 96
83 94
83 95
84 88
86 90
86 96
87 93
89 97
90 96
94 95
