0 22
0 25
0 31
0 36
0 43
0 53
0 63
0 93
1 34
1 87
2 10
2 17
2 22
2 25
2 68
2 90
3 26
3 27
3 56
3 57
4 9
4 16
4 23
4 61
4 65
4 67
4 70
4 81
4 88
4 89
6 60
7 13
7 17
7 30
7 33
7 37
7 47
7 54
7 62
7 68
7 72
7 84
7 90
7 95
7 96
8 11
8 15
8 44
8 52
8 58
8 71
8 76
8 83
8 85
9 16
9 23
9 65
9 81
9 89
10 14
10 17
10 33
10 68
10 90
11 15
11 42
11 44
11 52
11 58
11 71
11 76
11 77
11 83
11 85
12 18
12 24
12 40
12 49
12 50
12 51
12 57
12 66
13 21
13 30
13 37
13 47
13 54
13 62
13 72
13 84
13 96
14 17
14 33
14 54
14 90
14 91
15 32
15 52
15 58
15 71
15 77
15 83
15 85
16 61
16 65
16 67
16 70
16 88
16 89
17 25
17 33
17 62
17 68
17 72
17 90
18 24
18 26
18 49
18 51
18 57
18 66
18 82
19 61
19 67
19 70
19 86
19 88
19 98
20 21
20 38
20 45
20 47
20 49
20 64
20 80
20 92
20 95
21 30
21 47
21 84
21 92
21 95
21 96
22 25
22 31
22 53
22 68
23 41
23 65
23 81
23 89
24 26
24 40
24 49
24 51
24 57
24 66
25 53
25 68
25 90
26 27
26 35
26 57
26 82
27 35
27 56
27 57
28 29
28 46
28 75
28 96
29 46
29 75
29 96
30 37
30 47
30 62
30 72
30 84
30 92
30 95
30 96
31 63
31 69
31 79
31 80
32 48
32 55
32 73
32 97
33 37
33 54
33 62
33 68
33 72
33 90
33 91
34 87
35 82
36 43
36 48
36 63
36 74
36 93
37 54
37 62
37 72
37 84
37 91
37 96
38 39
38 45
38 64
38 99
39 99
40 50
40 51
40 66
40 69
40 79
41 78
41 94
42 44
42 52
42 71
42 76
42 77
42 85
42 87
43 48
43 63
43 74
43 79
43 93
44 52
44 71
44 76
44 77
44 85
44 87
45 49
45 64
45 69
45 80
45 92
45 95
46 75
46 84
46 96
47 62
47 72
47 84
47 92
47 95
47 96
48 73
48 74
48 93
48 97
49 51
49 64
49 69
49 80
50 51
50 66
50 69
50 79
51 57
51 66
52 71
52 76
52 77
52 85
53 93
54 62
54 72
54 91
55 73
55 97
56 57
57 66
58 71
58 83
61 65
61 67
61 70
61 86
61 88
61 89
61 98
62 68
62 72
62 84
62 90
62 91
62 96
63 69
63 74
63 79
63 80
65 67
65 70
65 81
65 88
65 89
67 70
67 86
67 88
67 89
67 98
68 72
68 90
68 95
69 79
69 80
70 88
70 98
71 76
71 77
71 83
71 85
72 84
72 90
72 91
72 95
72 96
73 86
73 93
73 97
74 79
74 93
76 77
76 85
77 85
78 94
79 80
80 95
81 89
82 99
83 85
84 92
84 96
86 88
86 98
88 89
88 98
92 95
92 96
93 97
