0 17
0 36
0 38
0 45
0 86
0 88
1 4
1 49
1 56
1 64
1 77
1 90
1 93
2 43
2 44
2 48
2 58
2 61
2 74
2 85
3 11
3 20
3 31
3 32
3 75
3 83
4 14
4 21
4 25
4 37
4 49
4 56
4 64
4 65
4 93
5 8
5 10
5 18
5 27
5 46
5 54
5 67
5 84
5 94
5 98
6 19
6 29
6 39
6 40
6 63
6 78
7 13
7 35
7 76
7 91
7 97
8 18
8 27
8 28
8 46
8 54
8 57
8 67
8 73
8 87
8 94
8 99
10 41
10 66
10 68
10 71
10 84
10 98
11 20
11 31
11 32
11 51
11 75
12 14
12 15
12 37
12 47
12 65
12 69
13 33
13 35
13 55
13 60
13 76
13 91
13 97
14 37
14 47
14 63
14 64
14 65
15 25
15 37
15 56
15 60
15 65
16 24
17 36
17 45
17 70
18 23
18 27
18 28
18 46
18 54
18 57
18 67
18 80
18 87
18 94
18 99
19 29
19 39
20 32
20 51
20 52
20 75
20 79
20 90
21 23
21 40
21 64
21 78
21 89
21 99
22 81
22 96
23 28
23 40
23 57
23 73
23 78
23 87
23 89
23 94
23 99
24 30
24 62
25 34
25 49
25 56
25 60
26 31
26 32
27 28
27 46
27 54
27 57
27 67
27 94
28 40
28 46
28 54
28 57
28 67
28 73
28 80
28 87
28 89
28 94
28 99
29 39
29 40
30 53
30 62
31 32
31 83
32 51
32 75
32 83
33 34
33 55
33 59
33 60
34 49
34 56
34 59
34 60
34 77
35 76
35 97
36 45
36 70
37 47
37 64
37 65
38 70
38 86
38 88
40 57
40 73
40 78
40 87
40 89
41 66
41 68
41 71
41 98
43 44
43 48
43 58
43 61
43 74
43 85
43 92
44 48
44 58
44 61
44 74
44 83
44 85
44 92
45 70
46 54
46 57
46 67
46 73
46 87
46 94
47 63
48 58
48 61
48 74
48 83
48 85
48 92
49 56
49 64
49 77
49 93
50 66
50 71
50 72
50 84
50 98
51 75
51 79
51 80
51 90
52 53
52 61
52 75
52 90
53 77
54 57
54 67
54 73
54 87
54 94
55 59
55 60
55 91
55 97
56 60
56 64
56 77
57 67
57 73
57 80
57 87
57 89
57 94
57 99
58 61
58 74
58 85
59 60
61 74
61 83
61 85
61 92
64 65
64 93
66 68
66 71
66 72
66 82
66 84
66 98
67 73
67 87
67 94
68 71
68 98
70 86
71 72
71 84
71 98
72 84
72 98
73 87
73 94
74 85
74 92
75 79
75 90
76 91
76 97
78 89
79 80
79 90
79 99
80 89
80 99
81 83
81 92
81 95
81 96
83 92
83 96
84 98
86 88
87 94
89 99
91 97
92 95
92 96
95 96
