0 12
0 25
0 41
0 51
0 81
1 11
1 22
1 46
1 67
1 68
1 76
1 88
2 10
2 21
2 28
2 36
2 37
2 55
2 67
2 71
2 74
2 87
2 96
2 99
3 30
3 57
3 69
3 89
4 31
4 84
4 94
5 8
5 29
5 33
5 34
5 35
5 46
5 66
5 91
6 20
6 64
6 69
6 75
7 17
7 28
7 36
7 48
7 55
7 71
7 96
8 19
8 34
8 54
9 12
9 18
9 25
9 51
10 16
10 17
10 21
10 28
10 36
10 37
10 55
10 67
10 71
10 87
10 88
10 96
11 16
11 21
11 22
11 37
11 67
11 68
11 76
11 88
12 18
12 25
12 26
12 51
12 65
12 81
13 39
13 43
13 77
13 79
13 83
14 44
14 75
14 78
15 32
15 56
15 66
16 21
16 37
16 49
16 50
16 67
16 76
16 88
17 36
17 55
17 71
17 73
17 96
18 51
18 61
18 65
18 86
19 33
19 40
19 54
19 85
19 90
20 47
20 52
20 64
21 37
21 49
21 67
21 71
21 76
21 88
22 38
22 67
22 68
22 73
22 88
23 43
23 58
23 70
23 95
24 47
24 52
24 59
24 72
24 82
25 51
26 38
26 53
26 65
26 68
26 81
27 63
27 85
28 48
28 71
28 74
28 87
28 93
28 96
28 99
29 33
29 35
29 66
29 91
30 57
30 89
30 98
31 84
31 94
32 40
32 56
32 90
33 40
33 66
33 90
34 46
34 54
35 61
35 66
35 86
35 91
35 92
35 97
36 48
36 55
36 71
36 96
37 55
37 67
37 71
37 87
37 88
38 53
38 65
38 68
38 81
39 77
39 79
39 83
40 85
40 90
42 44
42 45
42 62
42 78
42 80
43 58
43 59
43 72
43 77
43 83
44 45
44 62
44 75
44 78
44 80
45 62
45 64
45 77
45 78
45 80
46 53
46 91
47 52
47 64
47 72
47 82
48 93
48 96
49 50
49 60
49 69
49 76
50 60
50 76
50 82
51 81
52 60
52 64
52 72
52 82
53 65
53 68
53 81
53 91
55 71
55 96
56 66
56 92
56 97
57 89
58 59
58 70
58 95
59 70
59 72
60 69
60 82
61 65
61 66
61 86
61 91
61 92
61 97
62 80
63 85
65 81
65 91
66 92
66 97
67 68
67 71
67 76
67 88
68 76
68 88
69 89
70 95
71 74
71 87
71 96
71 99
74 87
74 93
74 96
74 98
74 99
75 78
76 88
77 79
77 83
78 80
79 83
84 94
86 92
86 97
87 98
87 99
92 97
93 99
96 99
98 99
