0 31
1 8
1 17
1 24
1 25
1 28
1 37
1 38
1 46
1 74
1 83
2 12
2 36
2 84
3 6
3 11
3 35
3 39
3 41
3 51
3 64
3 65
3 67
3 69
3 81
3 95
5 49
5 73
6 30
6 33
6 41
6 47
6 51
6 64
6 67
6 69
6 81
6 93
6 95
7 10
7 88
8 17
8 24
8 28
8 37
8 38
8 49
8 55
8 74
8 83
9 11
9 20
9 68
9 98
10 46
10 53
10 78
10 88
10 97
11 35
11 39
11 41
11 67
11 68
11 98
12 22
12 32
12 36
12 43
12 71
12 72
12 82
12 89
13 27
13 34
13 48
13 60
13 70
13 77
13 90
13 91
14 27
14 29
14 30
15 22
15 50
15 57
15 66
15 71
15 82
15 87
16 22
16 26
16 43
16 50
16 52
16 59
16 72
16 75
16 82
16 85
17 24
17 28
17 37
17 38
17 49
17 55
17 74
18 23
18 44
18 76
19 25
19 38
19 56
19 57
19 74
19 79
20 68
20 98
21 99
22 32
22 43
22 50
22 66
22 71
22 72
22 82
22 87
23 44
23 76
24 28
24 37
24 38
24 46
24 55
24 74
24 83
25 38
25 56
25 74
25 94
26 72
26 85
27 70
27 77
27 90
27 91
27 94
28 37
28 46
28 74
28 83
28 97
29 30
29 40
29 65
30 41
30 51
30 65
30 69
30 81
30 93
30 95
31 45
32 43
32 71
32 72
32 82
32 87
32 89
33 42
33 45
33 47
33 51
33 54
33 58
33 61
33 64
33 69
33 81
33 93
34 48
34 60
34 70
34 77
34 91
35 39
35 41
35 65
35 67
35 68
35 95
36 43
36 72
36 84
36 85
37 38
37 49
37 55
37 74
38 55
38 74
38 79
39 67
39 68
39 98
40 65
40 99
41 51
41 64
41 65
41 67
41 69
41 81
41 93
41 95
42 45
42 54
42 58
42 61
42 86
43 50
43 71
43 72
43 82
43 85
44 63
44 76
44 86
45 47
45 58
46 83
46 97
47 51
47 58
47 64
47 69
47 81
47 93
48 60
48 61
48 77
48 91
49 53
49 78
50 52
50 59
50 71
50 72
50 75
50 82
50 85
50 87
51 61
51 64
51 69
51 81
51 93
51 95
52 59
52 75
53 78
53 88
53 97
54 58
54 61
54 86
55 74
56 79
57 66
57 79
57 87
58 61
58 93
59 75
60 77
60 91
61 69
61 93
62 63
62 76
62 92
62 96
63 76
63 86
63 92
63 96
64 69
64 81
64 93
64 95
65 67
65 95
65 99
66 82
66 87
67 81
67 95
68 98
69 81
69 93
69 95
70 77
70 90
70 91
70 94
71 72
71 82
71 87
71 89
72 82
72 85
77 90
77 91
78 88
78 97
81 93
81 95
82 87
82 89
83 97
84 96
88 97
90 91
90 94
92 96
93 95
