0 2
0 12
0 40
0 48
0 62
0 70
0 73
1 21
1 32
1 49
1 55
1 56
1 75
1 91
2 12
2 26
2 40
2 48
2 73
3 13
3 30
3 94
3 99
4 18
4 28
4 29
4 61
4 89
4 97
5 37
5 85
6 7
6 9
6 21
6 24
6 33
6 43
6 55
6 66
6 75
6 79
6 82
7 9
7 24
7 33
7 43
7 65
7 66
7 75
7 79
7 82
8 17
8 35
8 70
8 80
8 84
9 21
9 24
9 33
9 43
9 49
9 55
9 75
9 82
10 32
10 53
10 87
11 45
11 65
12 26
12 48
12 60
12 73
13 30
14 20
14 34
14 41
14 59
14 72
14 76
14 77
15 25
15 32
15 42
15 53
15 58
15 67
16 31
16 39
16 63
17 35
17 36
17 80
17 84
18 28
18 29
18 54
18 78
18 89
18 92
18 97
19 23
19 27
19 60
19 64
19 78
20 34
20 41
20 57
20 59
20 72
20 76
20 77
20 94
21 33
21 55
21 66
21 75
21 91
22 37
22 85
22 90
22 93
23 27
23 60
23 64
23 95
24 33
24 65
24 79
24 82
25 35
25 36
25 42
25 52
25 58
25 67
25 84
27 46
27 78
27 99
28 29
28 54
28 78
28 89
28 92
29 54
29 78
29 92
30 99
31 39
31 59
31 63
31 68
31 72
31 74
32 42
32 53
32 67
32 87
32 91
33 43
33 65
33 66
33 75
33 79
33 82
34 41
34 76
34 77
34 81
34 94
35 62
35 70
35 80
35 84
36 52
36 84
37 85
38 47
38 50
38 51
38 57
38 69
38 96
38 98
39 68
39 74
40 48
40 62
40 70
40 73
40 80
41 76
41 77
41 94
42 53
42 56
42 58
42 67
42 91
43 49
43 55
43 82
44 71
44 83
44 88
45 65
45 93
46 78
46 81
46 86
46 95
46 99
47 50
47 68
47 69
47 96
47 98
48 60
48 62
48 73
49 55
49 82
50 68
50 96
50 98
51 57
51 69
51 94
51 96
52 56
52 67
52 84
53 87
54 89
54 92
54 97
55 75
55 82
55 91
56 67
56 91
57 69
57 94
57 96
58 62
58 67
59 63
59 72
59 74
59 76
60 64
62 73
63 72
63 74
64 95
65 79
66 75
66 79
68 72
68 74
69 96
69 98
70 80
71 83
71 88
72 74
72 76
75 82
75 91
76 77
77 81
77 94
78 99
81 86
81 95
83 88
85 90
86 95
87 91
89 92
89 97
90 93
92 97
92 99
96 98
