0 12
0 38
0 69
0 94
1 2
1 6
1 14
1 34
1 36
1 42
1 48
1 78
2 6
2 34
2 42
2 78
3 19
3 24
3 35
3 62
4 26
4 49
4 61
4 66
4 77
5 43
5 49
5 61
5 66
5 73
6 14
6 30
6 34
6 42
6 48
6 78
7 10
7 11
7 17
7 32
7 54
7 65
7 81
7 84
8 19
8 20
8 21
8 55
8 64
8 67
8 83
9 35
9 47
9 62
9 68
9 80
10 11
10 17
10 32
10 58
10 60
10 74
10 81
10 85
10 96
11 17
11 81
12 25
12 36
12 38
12 68
12 69
12 91
12 94
13 45
14 28
14 30
14 33
14 34
14 36
14 42
14 48
14 78
14 91
15 24
15 35
15 40
15 62
15 68
16 28
16 33
16 37
16 44
16 53
16 80
16 93
17 32
17 58
17 81
17 84
18 21
18 50
18 52
18 76
18 98
19 20
19 64
19 67
20 26
20 61
20 64
20 83
21 50
21 55
21 67
21 70
21 76
21 83
21 98
22 71
23 51
23 55
23 56
23 70
23 82
23 83
23 89
24 35
24 40
24 62
24 68
25 36
25 38
25 47
25 68
25 69
25 91
26 58
26 61
26 64
26 77
26 85
27 31
27 45
27 59
27 72
27 88
27 99
28 30
28 33
28 34
28 47
28 48
28 78
28 91
28 93
29 53
29 57
29 79
29 92
29 95
29 97
30 33
30 34
30 42
30 47
30 48
30 78
30 91
30 93
31 92
31 95
31 97
31 99
32 71
32 84
32 87
33 47
33 80
33 91
33 93
34 36
34 42
34 48
34 78
35 40
35 62
36 42
36 48
36 69
36 78
36 91
37 44
37 53
38 69
38 94
39 46
39 54
39 65
39 75
39 84
39 87
39 90
40 62
40 68
42 48
42 78
43 49
43 66
43 73
44 53
45 59
45 72
46 54
46 65
46 75
46 84
46 87
46 90
47 68
47 80
47 91
47 93
48 69
48 78
48 91
49 61
49 66
49 73
49 77
50 63
50 76
50 98
51 55
51 56
51 70
51 73
51 82
51 83
53 57
53 79
54 65
54 75
54 90
55 56
55 70
55 76
55 82
55 83
56 70
56 82
56 83
56 89
57 79
57 97
58 60
58 74
58 85
58 96
59 72
60 71
60 74
60 85
60 96
61 66
61 73
61 77
62 68
63 88
63 98
63 99
64 67
65 75
65 90
66 73
66 77
67 76
69 91
69 94
70 76
70 82
70 83
70 89
71 74
73 82
74 85
74 96
75 90
76 98
78 91
79 97
80 93
82 83
84 87
84 90
85 96
86 89
87 90
88 99
92 95
92 97
95 97
