0 7
0 80
0 83
0 85
2 9
2 34
2 45
2 56
2 63
2 70
3 5
3 21
3 28
3 29
3 40
3 53
3 54
3 57
3 75
3 81
3 84
3 95
4 20
4 31
4 62
5 9
5 21
5 29
5 38
5 40
5 46
5 51
5 54
5 56
5 75
5 81
5 84
6 35
6 48
6 49
6 59
7 83
7 85
8 23
8 39
8 69
8 89
8 92
8 93
8 95
8 99
9 21
9 32
9 38
9 45
9 46
9 54
9 56
9 70
9 75
9 81
10 17
10 20
10 25
10 26
10 27
10 58
10 64
10 77
10 88
11 23
11 69
11 93
11 99
12 14
12 43
12 47
12 55
12 68
12 73
12 82
12 90
13 25
13 44
13 58
13 70
13 87
14 19
14 43
14 73
14 76
15 34
15 48
15 49
15 63
15 78
15 79
16 22
16 36
16 48
16 65
16 78
16 82
16 97
17 20
17 26
17 64
17 88
18 37
18 42
18 50
18 51
18 72
18 74
18 86
19 43
19 73
19 83
20 64
20 88
21 29
21 40
21 46
21 51
21 54
21 56
21 75
21 81
21 84
22 36
22 48
22 55
22 65
22 68
22 78
22 82
22 97
23 69
23 89
23 93
23 99
24 55
24 63
24 78
24 79
25 26
25 27
25 58
25 71
25 77
25 87
26 27
26 64
26 77
26 94
27 71
27 77
27 87
27 94
28 35
28 39
28 40
28 41
28 57
28 59
28 84
28 91
28 92
28 95
28 99
29 40
29 42
29 51
29 53
29 54
29 57
29 75
29 81
29 84
30 36
30 97
31 62
31 98
32 37
32 38
32 45
32 46
32 60
32 61
32 74
33 52
33 62
33 96
33 98
34 35
34 49
34 56
34 59
35 39
35 49
35 59
35 92
35 95
36 48
36 65
36 78
36 82
36 97
37 38
37 50
37 52
37 61
37 72
37 74
37 86
37 96
38 42
38 46
38 50
38 54
38 61
38 74
38 75
38 81
38 86
39 59
39 89
39 92
39 95
40 41
40 53
40 57
40 81
40 84
40 91
40 95
41 57
41 66
41 84
41 91
41 92
41 95
41 99
42 46
42 51
42 54
42 72
42 81
42 86
43 73
44 45
44 58
44 70
44 87
45 56
45 70
45 75
46 51
46 54
46 75
46 81
46 86
47 67
47 76
47 90
48 49
48 65
48 78
48 82
48 97
49 59
50 52
50 61
50 72
50 74
50 86
50 96
51 53
51 54
51 81
52 62
52 74
52 96
52 98
53 57
53 81
53 84
54 75
54 81
55 68
55 78
55 82
56 70
56 75
57 84
57 91
57 92
57 95
58 60
58 77
58 87
58 88
59 92
59 95
60 61
60 88
61 74
61 86
62 96
62 98
63 79
64 88
65 68
65 78
65 82
65 97
66 91
66 99
68 82
68 90
69 89
69 93
69 99
71 77
71 94
72 74
72 86
73 76
73 90
74 86
74 96
75 81
76 90
77 87
78 79
78 82
78 97
80 83
80 85
81 84
82 97
83 85
84 91
84 95
89 93
91 99
92 95
92 99
93 99
96 98
