0 36
0 77
0 82
0 90
0 99
1 4
1 22
1 30
1 53
1 70
1 73
1 74
1 86
2 3
2 31
2 32
2 35
2 46
2 63
2 87
3 29
3 32
3 40
3 46
3 49
4 30
4 53
4 70
4 73
4 74
4 86
5 7
5 13
5 26
5 43
5 50
5 54
5 92
5 97
5 98
6 27
6 81
6 88
7 13
7 26
7 43
7 50
7 92
7 98
8 34
8 42
8 76
8 83
8 96
9 17
9 33
9 61
9 69
9 78
9 80
9 89
9 94
10 34
10 55
10 75
11 41
11 43
11 57
11 90
11 99
12 31
12 35
12 80
12 87
12 89
13 43
13 50
13 92
13 98
14 27
14 28
14 45
14 65
14 79
14 88
14 94
15 17
15 20
15 33
15 80
16 29
16 40
16 49
16 60
16 68
16 72
16 97
17 20
17 33
17 61
17 69
17 80
17 89
17 94
18 38
18 58
19 21
19 56
19 59
19 66
19 83
19 95
20 33
21 56
21 59
21 66
21 83
21 95
21 96
22 30
22 52
22 73
22 86
23 25
23 52
23 67
24 71
24 77
24 82
25 39
25 67
25 93
26 43
26 54
26 72
26 92
26 97
27 45
27 79
27 88
28 45
28 65
28 79
28 85
28 94
29 40
29 49
29 60
29 68
29 72
30 53
30 70
30 73
30 74
30 86
31 35
31 55
31 63
31 87
32 35
32 40
32 46
32 49
33 61
33 69
33 80
33 89
34 42
34 75
34 76
34 96
35 80
35 87
35 89
36 44
36 77
36 99
37 64
38 48
38 58
38 65
38 85
39 62
39 64
39 67
39 93
40 46
40 49
41 43
41 47
41 57
41 90
42 76
42 96
43 57
43 98
44 55
44 68
44 91
45 65
45 79
45 88
46 49
47 60
47 68
47 72
48 58
48 65
48 79
48 85
48 88
50 92
50 98
51 53
51 70
51 74
52 73
52 86
53 70
53 74
54 60
54 72
54 97
55 63
55 91
56 59
56 66
56 95
57 84
57 90
58 65
58 78
58 85
59 66
59 83
59 95
60 68
60 72
60 97
61 69
61 78
61 80
61 89
62 64
63 87
63 91
65 79
65 85
66 83
66 95
67 93
68 72
69 78
69 80
69 89
69 94
70 74
71 82
72 97
73 74
73 86
74 86
76 96
77 82
77 99
78 85
78 89
79 85
79 88
80 89
82 99
83 95
83 96
84 90
90 99
92 98
