0 9
0 12
0 45
0 65
0 75
0 85
1 98
2 17
2 74
2 80
2 84
3 22
3 27
3 42
3 59
3 97
4 6
4 11
4 12
4 63
4 72
4 83
4 86
4 97
5 25
5 43
5 84
5 89
6 11
6 63
6 69
6 82
6 86
7 38
7 76
8 10
8 23
8 50
8 53
8 64
8 69
8 82
8 90
8 92
9 30
9 45
9 65
9 72
9 75
9 85
10 23
10 53
10 64
10 82
10 90
10 92
11 63
11 69
11 72
11 82
11 86
12 65
12 72
12 83
13 36
13 41
13 46
13 58
13 66
13 71
13 77
14 24
14 30
14 35
14 45
14 65
14 72
14 75
14 85
15 29
15 36
15 67
15 70
15 79
15 95
16 47
16 58
16 62
16 77
16 99
17 74
17 80
17 84
18 51
18 52
18 93
18 98
19 37
19 57
19 91
20 25
20 54
20 67
20 84
20 89
20 96
21 35
21 50
21 78
21 87
21 92
22 42
22 47
22 49
22 62
22 88
23 27
23 53
23 55
23 64
23 69
23 82
24 30
24 35
24 45
24 75
25 67
25 84
25 89
25 96
26 32
26 33
26 40
26 60
26 61
26 71
27 48
27 55
28 34
28 56
28 94
29 36
29 54
29 67
29 70
29 79
29 95
30 45
30 65
30 75
30 85
31 38
31 76
31 81
32 33
32 56
32 61
32 66
32 71
32 73
32 94
33 40
33 61
33 66
33 71
33 73
34 56
34 94
35 50
35 78
35 87
36 41
36 58
36 77
36 79
36 95
37 57
37 91
38 76
38 81
40 54
40 60
40 61
40 71
41 46
41 58
41 77
41 99
42 47
42 49
42 59
42 62
42 88
43 74
43 84
44 51
44 52
44 88
44 98
45 65
45 72
45 75
45 85
46 58
46 66
46 68
46 71
46 73
47 49
47 59
47 62
47 88
48 53
48 55
49 88
50 69
50 78
50 87
50 92
51 52
51 93
51 98
52 93
52 98
53 55
53 64
53 82
53 90
54 60
54 67
54 79
56 94
57 91
58 77
58 99
59 62
59 70
59 97
61 71
61 94
62 95
63 69
63 72
63 83
63 86
64 69
64 82
64 90
64 92
65 72
65 75
65 83
65 85
66 68
66 71
66 73
67 79
67 84
67 89
67 96
68 73
69 82
69 86
69 92
70 95
72 75
72 83
72 85
72 86
74 84
75 85
77 99
78 87
79 95
82 90
82 92
83 86
84 89
87 92
89 96
90 92
93 98
