0 8
0 60
0 67
0 75
0 85
1 13
1 15
1 30
1 43
2 53
2 63
2 77
3 27
3 35
3 51
3 61
3 90
4 21
4 81
5 23
5 24
5 70
5 71
5 86
5 88
5 96
6 25
6 36
6 46
6 59
6 80
7 34
7 56
7 57
7 64
7 78
7 94
8 31
8 60
8 67
8 75
8 85
9 29
9 32
9 37
9 41
9 64
10 23
10 28
10 47
10 88
10 91
11 58
11 73
11 74
11 92
12 16
12 17
12 18
12 38
12 40
12 44
12 45
12 66
12 69
12 77
12 82
12 98
12 99
13 15
13 20
13 30
13 52
14 31
14 65
14 67
14 68
14 75
14 85
14 94
15 30
15 43
16 17
16 20
16 38
16 40
16 44
16 45
16 52
16 69
16 82
16 98
16 99
17 18
17 20
17 38
17 40
17 44
17 45
17 52
17 66
17 69
17 82
17 98
17 99
18 38
18 40
18 44
18 49
18 59
18 66
18 69
18 80
18 82
18 84
18 98
18 99
19 68
19 87
20 38
20 52
20 82
20 99
21 81
22 58
22 90
23 24
23 71
23 86
23 88
23 96
24 25
24 33
24 46
24 70
24 71
24 86
25 46
25 49
25 59
25 80
25 84
25 86
26 48
26 55
26 62
26 72
26 95
27 35
27 50
27 51
27 61
27 90
28 33
28 48
28 89
28 91
29 32
29 37
29 41
29 64
30 43
30 70
30 71
31 60
31 67
31 75
31 85
31 94
31 97
32 41
32 50
32 57
33 86
33 91
34 56
34 57
34 93
35 51
35 61
35 90
37 41
37 64
37 78
38 40
38 44
38 45
38 52
38 66
38 69
38 82
38 98
38 99
39 54
39 76
39 79
39 92
40 44
40 45
40 66
40 69
40 77
40 82
40 98
40 99
42 55
42 72
42 83
42 95
43 96
44 49
44 59
44 66
44 69
44 80
44 82
44 84
44 98
44 99
45 63
45 66
45 69
45 77
45 82
46 49
46 59
46 80
46 84
46 86
47 88
48 54
48 62
48 76
48 89
49 70
49 71
49 80
49 98
49 99
50 57
50 90
50 93
51 61
51 90
52 82
52 99
54 62
54 76
54 79
54 89
54 92
55 72
55 95
56 57
56 78
56 93
56 94
57 93
58 73
58 74
59 80
59 84
60 67
60 75
60 85
62 76
62 89
63 77
64 65
64 78
65 68
65 78
65 94
66 69
66 77
66 82
66 84
66 98
67 75
67 85
69 77
69 82
69 98
69 99
70 71
71 86
71 96
72 83
72 95
73 92
74 81
75 85
76 81
76 89
77 87
78 94
79 92
80 84
80 98
81 92
82 98
82 99
83 95
85 94
86 91
88 96
94 97
98 99
