0 36
1 10
1 68
1 77
1 87
1 94
2 20
2 25
2 30
2 34
2 62
2 63
2 73
2 81
2 85
2 99
3 5
3 11
3 46
3 48
3 49
3 54
3 56
4 25
4 32
4 34
4 43
4 67
4 74
4 88
4 95
4 97
5 49
5 54
5 65
5 72
6 17
6 69
7 8
7 17
7 52
7 53
7 69
8 19
8 22
8 45
8 52
8 53
9 37
9 93
10 57
10 68
10 77
10 87
11 13
11 46
11 72
11 79
11 90
12 13
12 14
12 15
12 27
12 35
12 39
12 50
12 66
12 79
12 86
13 14
13 15
13 27
13 35
13 39
13 66
13 72
13 76
13 79
13 90
13 91
14 27
14 35
14 39
14 66
14 75
14 79
14 86
15 39
15 50
15 78
15 79
15 91
16 18
16 28
16 31
16 38
16 40
16 41
16 59
16 98
17 52
17 53
17 69
18 31
18 38
18 40
18 41
18 59
18 98
19 22
19 52
19 53
20 25
20 30
20 34
20 58
20 63
20 70
20 73
20 84
20 85
20 88
21 23
22 45
23 27
23 65
23 72
24 32
24 33
24 71
24 97
25 30
25 34
25 58
25 63
25 67
25 70
25 73
25 85
25 88
25 95
26 58
26 62
26 63
26 73
26 81
26 85
26 98
26 99
27 35
27 65
27 66
27 72
27 79
27 90
28 38
28 40
29 46
29 55
29 76
29 91
30 34
30 58
30 63
30 70
30 73
30 81
30 84
30 85
30 88
31 38
31 40
31 41
31 59
31 98
32 42
32 43
32 61
32 67
32 83
32 92
32 97
33 51
33 71
34 58
34 63
34 70
34 73
34 85
34 88
35 39
35 66
35 75
35 79
35 86
37 51
37 93
38 40
38 59
38 98
39 50
39 61
39 78
39 79
40 41
40 59
40 98
41 59
41 60
42 43
42 61
42 75
42 83
42 86
42 92
42 97
43 61
43 67
43 83
43 92
43 97
44 89
44 96
46 48
46 56
47 55
47 76
47 78
48 54
48 56
49 54
49 65
49 72
50 61
50 78
50 79
51 71
52 53
54 56
55 76
55 78
55 91
57 64
57 68
58 62
58 63
58 70
58 73
58 81
58 84
58 85
58 99
59 98
61 75
61 83
61 86
61 92
61 97
62 63
62 73
62 77
62 81
62 85
62 94
62 99
63 73
63 81
63 85
63 99
65 72
66 72
66 79
67 74
67 83
67 88
67 95
67 97
68 77
68 87
68 94
70 73
70 74
70 80
70 82
70 84
70 85
70 88
70 95
72 90
73 81
73 84
73 85
73 88
73 99
74 82
74 88
74 95
75 83
75 86
75 92
76 79
76 91
77 87
77 94
77 98
77 99
79 90
79 91
80 82
80 84
80 89
80 96
81 85
81 99
82 84
82 88
82 95
83 92
83 97
84 85
84 88
84 89
84 96
85 88
85 99
86 92
87 94
88 95
89 96
90 91
92 97
94 99
98 99
