0 40
0 62
0 88
0 97
1 3
1 5
1 7
1 9
1 11
1 33
1 37
1 38
1 39
1 49
1 78
1 87
1 89
2 13
2 40
2 65
2 66
2 91
2 96
3 5
3 7
3 11
3 33
3 37
3 38
3 39
3 49
3 78
3 87
3 89
4 27
4 35
4 54
4 71
4 84
5 7
5 9
5 11
5 33
5 37
5 38
5 39
5 78
5 89
6 26
6 46
6 50
6 51
6 77
6 79
6 86
7 11
7 16
7 33
7 37
7 38
7 39
7 49
7 78
7 87
7 89
8 11
8 16
8 17
8 44
8 52
8 80
8 92
9 33
9 38
9 39
10 14
10 29
10 36
10 41
10 63
10 82
10 94
11 16
11 33
11 37
11 39
11 49
11 78
11 87
12 47
12 68
12 81
13 40
13 65
13 66
13 91
13 96
14 63
14 94
14 97
15 29
15 41
15 56
15 61
15 76
15 82
15 83
16 17
16 37
16 44
16 52
16 80
16 92
17 52
17 80
17 92
18 21
18 34
18 58
19 22
19 23
19 32
19 46
19 50
19 51
19 59
19 64
19 75
19 79
19 98
19 99
20 54
20 88
20 90
21 34
22 23
22 32
22 46
22 50
22 51
22 64
22 75
22 79
22 98
22 99
23 32
23 46
23 50
23 59
23 64
23 75
23 79
23 99
24 66
24 98
25 31
25 43
25 45
25 53
25 60
25 61
25 67
25 74
25 95
26 69
26 70
26 77
27 35
27 54
27 84
27 85
27 90
28 69
28 70
29 36
29 41
29 63
29 76
29 82
30 48
30 55
30 71
30 84
31 43
31 53
31 57
31 67
31 95
32 46
32 50
32 51
32 64
32 75
32 79
32 98
32 99
33 37
33 38
33 39
33 78
33 89
35 54
35 84
35 90
36 41
36 63
37 38
37 39
37 44
37 78
37 89
38 39
38 78
38 89
39 49
39 78
39 87
39 89
40 64
40 65
40 66
40 91
40 98
41 76
41 82
42 55
42 58
42 85
43 45
43 53
43 57
43 67
43 74
43 95
44 52
44 80
44 89
44 92
45 56
45 59
45 74
45 75
45 95
46 50
46 51
46 75
46 77
46 79
46 99
47 68
47 72
47 73
47 81
48 71
49 78
49 87
50 51
50 75
50 77
50 79
50 86
50 98
50 99
51 77
51 79
51 86
51 98
51 99
52 80
52 92
53 57
53 60
53 67
53 74
53 95
54 90
55 58
55 85
56 59
56 61
56 83
57 67
57 74
57 95
58 85
59 75
59 83
59 93
60 61
60 67
60 95
61 76
62 88
62 97
63 94
64 93
64 98
64 99
65 66
65 91
65 96
65 98
66 91
66 96
66 98
67 74
67 95
68 72
68 73
68 81
69 70
71 84
72 73
72 81
74 75
74 95
75 79
75 99
77 79
77 86
78 87
78 89
79 86
79 99
80 92
82 83
83 93
84 85
85 96
88 97
91 96
94 97
98 99
