0 2
0 14
0 37
0 38
0 51
0 62
0 74
0 75
1 3
1 11
1 15
1 18
1 34
1 48
1 66
1 78
1 91
2 14
2 38
2 51
2 62
2 74
2 75
2 88
3 11
3 15
3 18
3 34
3 66
3 70
3 78
3 91
4 26
4 43
4 82
4 94
4 98
5 31
5 55
5 83
6 26
6 43
6 76
6 77
6 86
6 87
6 94
7 35
7 36
7 55
7 85
8 20
8 47
8 49
8 81
8 95
8 99
9 22
9 88
9 96
10 24
10 42
10 45
10 70
10 78
11 15
11 34
11 48
11 66
11 76
11 78
11 86
11 91
12 29
12 35
12 36
12 46
12 85
13 31
13 55
13 65
13 89
14 21
14 38
14 51
14 62
14 74
14 75
14 88
15 19
15 34
15 48
15 66
15 91
16 19
16 30
16 44
16 48
16 69
16 73
16 82
17 60
18 66
18 70
18 78
19 30
19 34
19 48
19 69
19 73
19 91
20 28
20 95
20 99
21 22
21 39
21 51
21 54
21 62
21 64
21 88
22 88
22 96
23 52
23 57
23 58
23 71
24 28
24 42
24 95
25 67
25 93
26 41
26 43
26 76
26 86
26 94
26 98
27 52
27 57
27 67
27 80
27 93
28 42
28 47
28 89
28 95
29 46
29 49
29 61
29 85
30 41
30 44
30 48
30 69
30 82
31 55
31 65
31 68
31 89
32 34
33 40
33 72
34 48
34 66
34 69
34 91
35 36
35 40
35 85
36 40
36 85
37 38
37 63
37 74
38 62
38 63
38 74
39 50
39 51
39 54
39 64
40 72
40 90
41 43
41 48
41 76
41 86
41 94
42 89
42 95
43 76
43 86
43 94
43 98
44 69
44 73
44 82
45 70
45 78
46 49
46 61
46 85
47 49
47 61
47 81
48 66
48 69
48 76
48 91
49 61
49 81
49 99
50 51
50 54
50 64
50 79
51 54
51 62
51 64
51 74
51 75
51 79
52 67
52 80
53 59
53 79
53 84
53 87
53 92
53 97
53 98
54 60
54 64
55 83
57 71
58 59
58 71
59 84
59 92
59 97
61 81
61 99
62 74
62 75
62 88
65 68
65 77
65 89
66 78
66 91
67 80
67 93
68 77
69 73
70 78
72 80
74 75
75 79
75 98
76 77
76 86
77 86
79 84
79 92
79 97
79 98
81 99
83 90
84 87
84 92
84 97
84 98
86 94
87 92
87 97
88 96
92 97
92 98
94 98
