0 33
0 38
0 42
0 49
0 54
0 55
0 87
1 16
1 20
1 45
1 50
1 53
1 67
2 23
2 27
2 64
2 66
2 77
2 79
2 84
3 16
3 29
3 56
3 58
3 63
3 95
4 5
4 6
4 26
4 36
4 37
4 52
4 57
4 73
4 83
5 6
5 26
5 31
5 36
5 37
5 57
5 73
5 83
6 26
6 36
6 37
6 73
6 83
6 86
6 94
7 11
7 13
7 35
8 36
8 43
8 44
8 52
8 62
8 78
8 97
9 11
9 54
10 58
10 63
10 80
10 85
11 13
11 35
13 24
13 35
13 82
14 15
14 28
14 48
14 68
14 84
15 18
15 25
15 59
15 71
15 84
16 20
16 29
16 45
16 50
16 56
16 67
16 95
17 28
17 48
17 68
18 22
18 59
18 70
18 71
18 92
19 41
19 51
19 60
19 65
19 88
19 90
19 93
19 94
19 96
20 29
20 45
20 50
20 67
20 95
21 54
21 55
22 58
22 59
22 63
22 71
23 27
23 34
23 64
23 72
23 77
23 79
23 99
24 40
24 56
24 74
24 82
25 39
25 91
26 36
26 37
26 52
26 83
26 86
26 94
27 66
27 72
27 79
27 99
28 48
28 64
28 68
28 77
28 84
29 56
29 63
29 67
29 95
30 32
30 50
30 98
31 37
31 46
31 60
31 90
33 38
33 42
33 49
33 54
33 55
33 69
33 87
34 64
35 47
35 81
36 37
36 52
36 62
36 73
36 83
36 86
36 97
37 57
37 60
37 73
37 83
38 42
38 49
38 55
38 69
38 87
38 92
39 66
39 91
40 74
40 82
40 87
40 92
41 88
41 93
41 94
42 49
42 54
42 55
42 69
43 44
43 52
43 62
43 78
43 97
44 52
44 62
44 97
45 50
45 53
45 67
47 81
47 98
48 68
49 55
49 69
49 76
50 53
50 67
50 98
51 60
51 65
51 90
51 94
51 96
52 62
52 78
52 83
52 97
54 55
56 82
56 95
56 98
57 73
57 83
58 63
58 71
59 70
59 71
60 65
60 90
60 96
61 69
61 70
61 76
62 78
62 97
63 95
64 77
64 79
64 84
65 90
65 94
65 96
66 79
67 95
69 70
69 76
70 71
70 92
72 99
73 83
74 82
74 87
74 92
75 89
77 79
77 84
78 97
79 99
80 85
80 86
80 94
81 82
81 98
85 86
85 94
86 94
87 92
88 89
88 93
90 96
93 94
