0 5
0 7
0 21
0 52
0 64
0 67
0 75
0 86
0 96
1 13
1 18
1 44
1 74
1 81
1 97
2 13
2 22
2 53
2 97
3 8
3 17
3 24
3 26
3 32
3 36
3 48
3 77
3 78
3 85
4 57
4 93
5 7
5 21
5 52
5 64
5 67
5 75
5 96
6 15
6 56
6 70
7 21
7 52
7 64
7 67
7 75
7 96
8 26
8 28
8 36
8 59
8 77
8 80
8 85
8 99
9 16
9 20
9 39
9 42
9 76
10 46
11 27
11 34
11 49
11 50
11 56
11 82
12 30
12 33
12 37
12 40
12 47
12 69
13 18
13 53
13 79
14 29
14 30
14 35
14 40
14 58
14 60
14 89
15 41
15 56
15 70
15 83
16 20
16 42
16 63
16 76
16 79
17 32
17 36
17 48
17 55
17 65
17 72
17 75
17 78
18 23
18 44
18 74
18 81
19 38
19 73
20 42
20 62
20 76
20 79
20 84
21 32
21 64
21 75
21 78
22 45
22 92
22 94
22 95
22 97
23 33
23 44
23 47
23 66
23 68
23 74
24 32
24 36
24 48
24 70
24 77
24 78
25 55
25 61
25 72
25 87
26 28
26 36
26 59
26 77
26 80
26 85
26 99
27 34
27 49
27 50
27 82
27 92
27 95
28 36
28 59
28 66
28 68
28 77
28 85
28 99
29 30
29 35
29 37
29 40
29 47
29 54
29 60
29 69
29 88
29 89
30 37
30 40
30 63
30 69
31 93
32 36
32 48
32 64
32 75
32 77
32 78
33 37
33 47
33 66
33 68
33 69
33 88
34 49
34 50
34 82
34 92
34 94
34 95
34 97
35 58
35 60
36 48
36 77
36 78
36 85
37 40
37 47
37 54
37 60
37 66
37 69
37 88
37 89
38 41
38 51
38 73
38 98
39 42
39 62
39 76
40 60
40 63
40 69
41 51
41 83
42 76
42 79
43 57
43 93
44 68
44 74
44 81
45 46
45 95
46 95
47 66
47 68
47 69
47 88
48 77
48 78
48 85
49 50
49 82
49 92
49 95
50 82
50 95
51 83
51 98
52 67
54 60
54 88
54 89
54 91
55 65
55 72
55 75
55 78
55 87
56 70
56 83
57 93
58 60
58 89
59 66
59 68
59 77
59 85
59 99
60 69
60 88
60 89
61 72
62 84
64 75
64 78
65 71
65 72
65 75
65 87
66 68
66 88
66 99
67 86
67 96
68 99
69 88
70 77
71 90
71 96
72 87
73 98
74 81
75 78
76 79
77 85
80 85
80 91
80 99
81 92
81 94
81 97
85 99
86 90
86 96
88 89
90 96
92 94
92 95
92 97
94 97
