0 3
0 10
0 29
0 32
0 38
0 42
0 46
0 69
0 89
1 13
1 14
1 55
1 74
1 76
2 13
2 18
2 43
2 74
2 91
3 7
3 10
3 16
3 29
3 46
3 72
3 90
4 7
4 16
4 26
4 72
4 81
5 48
5 53
5 54
5 99
6 10
6 24
6 38
6 40
7 16
7 26
7 46
7 72
7 78
7 90
8 21
8 36
8 56
8 59
8 60
8 88
9 15
9 39
9 68
9 75
9 85
9 98
10 24
10 32
10 38
10 42
10 46
11 22
11 25
11 47
11 60
11 67
11 80
11 87
11 88
11 96
12 18
12 43
12 66
12 91
13 18
13 43
13 74
13 91
14 55
14 76
15 39
15 50
15 69
15 79
15 82
15 84
15 89
16 46
16 72
16 90
17 20
17 23
17 28
17 65
17 94
18 43
18 74
18 91
19 30
19 41
19 44
19 45
19 51
19 71
19 77
19 86
19 93
20 23
20 28
20 65
20 78
20 90
20 94
21 34
21 36
21 56
21 63
21 83
21 92
22 30
22 47
22 51
22 57
22 60
22 71
22 80
22 93
23 28
24 38
24 40
24 46
24 81
25 37
25 47
25 60
25 67
25 80
25 87
25 96
26 65
26 72
26 94
27 75
27 85
28 94
29 39
29 46
29 69
29 89
29 90
30 41
30 45
30 47
30 51
30 60
30 62
30 80
30 86
30 93
31 33
31 57
31 73
31 83
31 92
32 38
32 42
32 46
32 61
32 70
33 73
33 83
33 92
34 53
34 63
34 64
34 83
34 92
34 95
35 41
35 45
35 49
35 52
35 62
35 86
36 50
36 56
36 59
36 63
36 84
37 58
37 67
37 87
37 96
37 97
38 42
38 46
38 61
38 70
39 68
39 69
39 79
39 89
39 90
40 81
41 45
41 47
41 49
41 62
41 80
41 86
42 46
42 61
42 70
43 66
43 91
44 45
44 51
44 57
44 71
44 73
44 77
44 93
45 51
45 62
45 71
45 77
45 86
45 93
47 60
47 62
47 80
47 87
48 99
49 52
49 62
50 61
50 79
50 84
51 57
51 71
51 77
51 86
51 93
52 62
53 54
53 64
53 95
53 99
54 64
54 95
54 99
55 76
56 59
56 60
56 88
57 71
57 73
57 77
57 93
58 66
58 70
59 61
59 67
59 88
60 67
60 80
60 87
60 88
62 86
63 82
63 84
63 92
64 83
64 92
64 95
65 78
65 94
66 91
66 97
67 87
67 96
68 98
69 79
69 89
69 90
71 73
71 77
71 93
72 81
74 91
75 82
75 85
77 86
77 93
78 90
78 94
79 82
79 84
80 87
82 84
82 85
83 92
83 95
86 93
87 96
89 90
92 95
