0 14
0 55
0 66
0 83
1 32
1 43
1 47
1 65
1 73
1 77
2 17
2 28
2 29
2 44
2 66
3 51
3 63
3 87
4 44
4 53
4 89
4 97
5 25
5 78
5 82
5 96
6 18
6 40
6 42
6 53
6 56
6 59
6 76
6 79
7 11
7 13
7 84
7 85
8 37
8 71
8 99
9 13
9 50
9 64
9 67
9 70
9 81
9 82
9 93
10 15
10 22
10 39
10 57
10 60
10 90
10 92
10 95
11 84
11 85
12 41
13 67
13 68
13 70
13 80
13 81
13 84
13 85
14 17
14 55
14 66
14 83
15 35
15 39
15 40
15 60
15 79
15 92
15 95
16 30
16 69
16 86
16 94
17 28
17 29
17 44
17 55
17 66
18 26
18 40
18 42
18 53
18 56
18 59
18 76
18 89
19 20
19 21
19 32
19 45
19 49
19 50
19 64
19 88
19 93
20 21
20 32
20 45
20 49
20 50
20 88
20 93
21 27
21 32
21 48
21 49
21 88
22 38
22 39
22 57
22 60
22 90
23 31
23 36
23 86
23 91
24 31
24 62
24 72
24 74
24 86
25 64
25 78
25 81
25 82
25 96
26 40
26 44
26 53
26 56
26 59
26 75
26 77
26 89
26 97
27 46
27 47
27 48
27 88
28 29
28 44
28 66
29 44
29 89
29 97
30 69
30 86
30 94
31 33
31 36
31 86
31 91
31 98
32 43
32 65
32 88
33 61
33 98
34 45
34 54
34 58
34 68
34 80
35 52
35 65
35 73
35 77
35 92
35 95
36 91
36 98
37 71
38 58
38 72
39 60
39 79
39 92
39 95
39 99
40 42
40 53
40 56
40 59
40 75
40 76
40 77
40 79
40 92
40 95
40 97
42 53
42 56
42 59
42 76
43 47
43 65
44 75
44 89
44 97
45 49
45 50
45 54
45 65
45 67
45 93
46 47
46 48
47 48
48 88
49 50
49 64
49 88
49 93
50 64
50 67
50 81
50 88
50 93
51 63
51 87
52 54
52 65
52 73
52 77
53 56
53 59
53 76
53 89
53 97
54 65
55 66
55 83
56 59
56 76
56 79
56 89
56 97
57 60
57 62
57 90
57 99
58 68
58 72
58 80
59 75
59 76
59 79
59 89
59 97
60 90
60 92
60 95
60 99
61 98
62 74
62 90
63 87
64 67
64 81
64 82
64 93
65 73
66 83
67 70
67 81
67 82
67 93
68 80
69 86
69 94
70 80
70 81
70 82
70 84
70 93
73 75
73 77
75 77
75 89
75 97
76 79
76 87
77 97
78 96
79 92
79 95
80 84
81 82
81 93
82 93
84 85
86 91
86 94
89 97
90 99
92 95
