0 4
0 69
0 80
0 90
0 93
1 10
1 19
1 28
1 49
1 55
1 62
1 72
1 83
1 85
1 94
2 37
2 66
2 82
2 87
3 33
3 41
3 92
4 22
4 56
4 58
4 69
4 79
4 80
4 81
4 90
4 91
5 12
5 46
6 27
6 30
6 35
6 74
6 84
7 34
7 38
7 59
7 63
7 98
8 18
8 77
8 86
9 22
9 42
9 53
9 58
9 70
9 80
9 91
10 19
10 31
10 49
10 62
10 83
10 94
11 17
11 26
11 36
11 39
11 45
11 54
11 73
11 76
12 32
12 43
12 46
12 47
12 60
12 61
12 96
13 65
13 67
13 71
13 89
14 32
14 67
14 68
15 50
15 88
15 97
15 99
16 20
16 56
16 58
16 70
16 79
16 81
16 92
16 95
17 26
17 36
17 39
17 45
17 73
17 76
18 77
19 31
19 49
19 62
19 72
19 83
19 85
19 94
20 56
20 58
20 70
20 79
20 81
20 90
20 91
20 92
20 95
21 25
21 40
21 44
21 51
21 64
22 53
22 56
22 58
22 70
22 80
22 81
22 90
22 91
23 24
23 39
23 52
23 73
23 76
24 29
24 38
24 52
24 76
25 31
25 44
25 51
25 57
26 36
26 39
26 45
26 73
26 88
26 99
27 30
27 74
28 55
28 72
28 77
28 78
28 82
28 85
29 38
30 35
30 74
30 84
31 44
31 49
31 57
31 71
31 83
31 94
32 43
32 47
32 60
32 61
32 67
32 68
32 96
33 37
33 41
33 78
34 38
34 59
34 63
34 98
35 84
36 39
36 45
36 54
36 88
36 99
37 41
37 55
37 66
37 72
37 78
37 82
37 87
38 63
39 45
39 52
39 54
39 73
39 76
40 45
40 54
40 64
41 78
42 53
43 46
43 47
43 60
43 61
43 67
43 68
43 96
44 51
44 57
44 71
44 74
45 54
45 73
45 76
45 99
46 60
46 61
46 84
46 96
47 60
47 68
47 96
49 57
49 62
49 83
49 85
49 94
50 88
50 97
50 99
51 57
51 64
52 73
52 76
53 80
53 91
53 97
54 64
55 72
55 78
55 82
55 85
56 58
56 70
56 79
56 80
56 81
56 90
56 91
56 92
56 95
57 71
57 83
58 70
58 79
58 80
58 81
58 90
58 91
58 92
58 95
59 63
59 98
60 61
60 67
60 68
60 96
61 67
61 96
62 83
62 94
65 67
65 71
65 89
66 78
66 82
66 87
67 89
67 96
69 79
69 80
69 81
69 90
70 91
71 89
72 78
72 82
72 85
73 76
75 85
77 86
78 82
78 87
79 81
79 90
79 91
79 92
79 95
80 81
80 90
80 91
81 90
81 91
81 92
81 95
82 87
83 85
83 94
85 94
88 99
90 91
92 95
97 99
