0 34
0 84
0 93
0 98
1 14
1 21
1 79
1 89
2 58
3 29
3 36
3 67
3 77
3 86
3 87
4 54
4 62
4 75
4 93
4 98
5 8
5 11
5 23
5 39
5 63
6 16
6 65
6 75
7 38
7 71
7 76
7 82
8 11
8 23
8 39
8 63
9 10
9 27
9 28
9 32
9 33
9 37
9 52
9 55
9 60
9 66
9 73
9 81
9 83
10 11
10 17
10 22
10 26
10 28
10 32
10 55
10 60
10 73
11 22
11 39
11 55
11 63
11 69
11 74
12 19
12 40
12 42
12 46
12 54
12 61
12 62
12 85
13 38
13 70
13 88
13 90
13 91
14 20
14 21
14 40
14 42
14 61
14 85
15 43
16 65
16 75
17 26
17 55
17 63
18 50
18 68
18 78
19 46
19 65
20 40
20 42
20 61
20 85
21 70
21 79
21 89
21 91
22 32
22 55
22 69
22 73
22 74
23 39
23 63
24 25
24 47
24 74
25 47
25 58
25 64
26 55
26 60
26 66
26 73
26 83
27 28
27 33
27 60
27 66
27 73
27 80
27 81
27 83
27 94
27 96
28 32
28 33
28 37
28 52
28 60
28 66
28 73
28 81
28 83
29 36
29 67
29 77
29 87
30 32
30 36
30 37
30 52
30 77
30 86
30 87
31 43
31 53
31 68
31 72
31 92
31 99
32 33
32 37
32 52
32 55
32 69
32 73
32 74
32 81
33 37
33 52
33 60
33 66
33 73
33 80
33 81
33 83
33 94
34 84
34 88
34 90
35 59
36 64
36 67
36 77
36 86
36 87
37 52
37 66
37 73
37 81
38 51
39 63
40 42
40 46
40 61
40 62
40 85
41 45
41 49
41 51
41 95
42 46
42 61
42 85
43 53
43 57
43 72
43 92
43 99
44 67
44 71
44 76
44 86
44 97
45 49
45 51
45 56
45 95
46 61
46 85
47 64
47 74
48 54
48 62
48 79
48 85
48 89
48 93
48 98
49 51
49 56
49 82
49 95
50 78
50 80
50 96
51 95
52 69
52 73
52 81
52 87
53 68
53 72
53 92
53 99
54 62
54 93
54 98
55 60
55 73
56 82
56 95
57 72
57 92
57 99
58 76
59 77
60 66
60 73
60 81
60 83
61 85
62 85
62 93
62 98
64 69
64 74
64 86
65 75
66 73
66 80
66 81
66 83
66 94
67 76
67 86
67 97
69 74
70 79
70 89
70 91
71 76
71 82
72 92
72 99
73 81
73 83
76 82
76 97
77 87
78 96
79 89
79 90
79 91
80 83
80 94
80 96
81 83
81 94
82 95
83 94
84 88
84 90
86 87
86 97
88 90
88 91
89 91
90 91
92 99
93 98
