0 9
0 30
0 31
0 51
0 59
1 43
1 50
1 57
1 61
1 66
2 17
2 22
2 26
2 33
2 40
2 46
2 54
2 56
2 81
2 86
2 92
3 34
3 69
3 73
3 93
3 94
4 28
4 65
5 7
5 32
5 60
5 77
5 90
6 10
6 52
6 64
7 26
7 32
7 60
7 77
7 81
7 90
8 19
8 27
8 40
8 45
8 63
8 83
8 85
8 87
8 88
8 91
8 99
9 30
9 51
9 59
10 80
10 96
11 13
11 18
11 23
11 34
11 41
11 42
11 55
11 68
11 69
11 82
11 95
12 31
12 39
12 49
12 71
12 75
13 18
13 41
13 42
13 47
13 68
13 82
14 35
14 36
14 76
15 67
15 84
16 25
16 53
16 78
16 89
17 22
17 33
17 37
17 38
17 54
17 56
17 86
17 92
18 41
18 42
18 47
18 68
18 82
19 24
19 27
19 44
19 70
19 83
19 87
19 91
19 96
20 49
20 75
20 93
21 59
21 61
22 26
22 33
22 54
22 56
22 81
22 86
22 92
23 34
23 41
23 42
23 55
23 69
24 44
24 70
24 79
24 91
24 96
25 29
25 78
25 89
25 97
26 54
26 56
26 77
26 81
26 86
26 92
27 32
27 40
27 45
27 83
27 87
27 91
27 99
28 46
28 63
28 65
29 37
29 38
29 89
30 31
30 51
30 59
31 39
31 51
32 77
32 90
32 99
33 37
33 38
33 40
33 46
33 54
33 56
33 86
33 92
34 55
34 69
35 36
35 63
35 76
35 85
35 87
35 88
36 63
36 76
36 85
36 87
36 88
37 38
37 86
37 92
38 46
38 86
38 92
39 49
39 71
39 75
40 45
40 46
40 56
40 83
40 86
41 42
41 55
41 68
41 82
42 55
42 68
43 57
43 59
43 61
44 70
44 79
44 80
44 91
44 96
45 63
45 83
45 85
45 87
45 99
46 56
46 86
47 53
47 68
47 78
48 62
48 72
48 73
48 94
49 71
49 75
49 93
50 66
51 59
52 64
52 67
53 78
54 56
54 81
54 86
54 92
55 69
56 86
56 92
57 59
57 61
57 66
58 74
58 84
58 98
59 61
60 77
62 72
62 73
63 76
63 85
63 87
63 88
65 97
69 93
70 79
70 91
70 96
70 99
71 75
72 73
73 93
73 94
74 84
74 98
76 85
76 88
77 90
77 99
79 91
80 96
81 92
82 95
82 97
83 87
83 99
84 98
85 87
85 88
86 92
87 88
89 97
90 99
91 96
91 99
93 94
95 97
