0 13
0 19
0 35
0 54
0 67
0 88
1 15
1 25
1 26
1 31
1 43
1 46
1 49
1 55
1 75
1 94
1 96
2 4
2 64
2 79
2 83
3 24
3 40
3 78
4 11
4 17
4 62
4 64
5 18
5 27
5 41
5 51
5 52
5 68
5 88
6 11
6 14
6 23
6 28
6 45
6 66
6 70
6 76
6 86
6 89
6 90
8 69
8 74
8 95
9 17
9 73
9 85
10 18
10 35
10 54
10 59
10 68
11 14
11 17
11 23
11 45
11 62
11 70
11 76
12 21
12 29
12 81
12 97
13 19
13 35
13 54
13 67
13 68
14 23
14 28
14 45
14 66
14 70
14 76
14 89
14 90
15 55
15 94
15 96
16 18
16 39
16 41
16 51
17 23
17 45
17 76
18 39
18 41
18 51
18 68
19 35
19 54
19 58
19 67
19 68
19 88
20 30
20 33
20 34
20 47
20 48
20 60
20 71
20 99
21 29
21 97
22 24
22 56
22 63
22 80
22 91
22 98
23 45
23 62
23 66
23 70
23 76
23 90
24 40
24 98
25 26
25 43
25 46
25 49
25 55
25 94
25 96
26 31
26 34
26 43
26 46
26 47
26 55
26 75
26 94
26 99
27 39
27 41
27 51
27 52
27 79
27 83
27 88
28 45
28 66
28 70
28 76
28 89
28 90
29 81
29 97
30 33
30 34
30 42
30 47
30 60
30 65
30 71
30 72
30 99
31 34
31 43
31 46
31 47
31 55
31 75
31 80
31 94
31 99
32 33
32 42
32 44
32 65
32 77
33 34
33 42
33 44
33 47
33 99
34 47
34 60
34 71
34 75
34 99
35 54
35 67
35 68
35 88
36 78
37 53
37 57
37 59
37 61
37 87
38 62
39 41
39 51
39 64
39 79
39 83
40 78
40 92
41 51
41 52
41 68
42 44
42 60
42 65
42 72
42 77
42 81
42 95
43 46
43 55
43 75
43 80
43 94
44 65
44 72
44 77
45 62
45 66
45 70
45 76
45 90
46 47
46 55
46 75
46 80
46 94
47 71
47 75
47 99
48 58
48 60
48 67
48 71
48 93
49 85
49 92
49 94
49 96
50 53
51 52
51 64
51 79
51 83
52 79
52 83
52 88
53 57
54 59
54 67
54 68
55 75
55 94
55 96
56 63
56 80
56 84
56 91
57 61
57 87
58 67
58 88
58 93
59 87
60 71
61 87
62 70
63 80
63 84
63 91
64 79
64 83
65 72
65 77
65 81
65 95
66 70
66 76
66 90
67 68
67 88
68 88
69 74
70 76
70 90
71 99
72 77
72 81
72 95
72 97
73 85
74 81
75 94
75 99
76 89
76 90
77 81
77 95
78 92
79 83
80 91
81 95
81 97
84 91
86 89
88 93
89 90
91 98
94 96
