0 27
0 93
1 23
1 47
2 4
2 5
2 16
2 22
2 32
2 38
2 40
2 56
2 60
2 63
2 79
2 88
2 97
3 28
3 48
3 70
3 72
4 20
4 26
4 32
4 46
4 56
4 60
4 63
4 75
4 76
4 88
4 97
5 16
5 22
5 30
5 32
5 38
5 40
5 45
5 56
6 62
7 64
8 27
8 40
8 50
8 79
8 93
8 95
9 14
9 24
9 35
9 89
9 91
9 98
10 46
10 62
10 68
10 80
10 99
11 36
11 49
11 86
11 87
12 20
12 31
12 76
12 79
12 97
13 58
13 65
14 35
14 89
15 21
15 55
15 58
15 59
15 67
15 74
16 22
16 32
16 38
16 39
16 56
16 60
16 63
16 81
16 88
16 91
16 96
17 27
17 45
18 43
18 49
18 86
18 87
18 90
19 34
19 52
19 53
19 61
19 78
19 85
19 92
19 94
20 31
20 76
20 79
20 97
21 34
21 52
21 53
21 55
21 57
21 61
21 67
21 71
21 74
21 77
21 85
21 92
22 32
22 38
22 39
22 56
22 60
22 63
22 81
22 88
22 91
22 96
23 47
24 69
24 89
24 98
25 36
25 51
25 73
26 46
26 66
26 75
26 88
27 40
27 50
27 79
27 93
27 95
28 70
28 72
29 33
29 54
29 76
29 82
30 38
30 45
30 69
31 50
31 76
31 79
31 97
32 38
32 40
32 56
32 60
32 63
32 88
33 54
33 76
33 82
34 52
34 53
34 57
34 61
34 67
34 74
34 77
34 78
34 85
34 92
34 94
35 37
35 89
35 91
36 51
36 73
37 39
37 81
37 89
37 91
37 96
38 40
38 45
38 56
38 60
39 63
39 81
39 91
39 96
40 45
40 56
40 79
40 97
41 54
41 59
41 70
42 43
42 48
42 54
42 72
42 82
42 83
42 90
43 49
43 72
43 83
43 90
44 57
44 84
46 60
46 63
46 75
46 80
46 88
46 99
48 54
48 70
48 72
48 83
48 90
49 86
49 87
50 93
50 95
51 73
51 93
51 95
52 53
52 55
52 57
52 61
52 67
52 71
52 74
52 77
52 78
52 84
52 85
52 92
52 94
53 55
53 58
53 61
53 65
53 67
53 74
53 77
53 78
53 85
53 92
53 94
54 82
55 58
55 59
55 61
55 65
55 67
55 74
55 92
55 94
56 60
56 63
56 79
56 88
56 97
57 71
57 74
57 77
57 84
57 85
58 59
58 61
58 65
58 67
58 74
58 92
59 67
60 63
60 75
60 88
60 97
61 65
61 67
61 74
61 77
61 78
61 85
61 92
61 94
62 68
62 99
63 75
63 81
63 88
63 96
65 67
65 92
65 94
66 80
67 74
67 77
67 85
67 92
67 94
68 71
68 80
68 99
69 98
71 74
71 77
71 80
71 84
72 83
72 90
73 93
73 95
74 77
74 85
74 92
75 88
76 97
77 84
77 85
78 85
78 92
78 94
79 97
80 99
81 91
81 96
83 90
85 92
85 94
86 87
89 91
89 96
89 98
91 96
92 94
93 95
