0 9
0 21
0 38
0 60
0 94
1 79
1 92
2 5
2 14
2 15
2 22
2 32
2 35
2 43
2 70
2 75
3 20
3 46
3 79
3 98
4 12
4 49
4 52
4 56
4 57
4 81
5 14
5 15
5 32
5 35
5 43
6 19
6 31
6 41
6 68
7 17
7 27
7 77
8 19
8 31
8 34
8 45
8 55
9 21
9 38
9 60
9 94
10 19
10 23
10 42
10 47
10 67
10 96
11 12
11 38
11 49
11 51
11 56
11 57
11 73
12 28
12 51
12 52
12 57
12 71
12 73
12 81
12 83
13 54
14 15
14 32
14 35
15 32
15 35
15 43
16 50
16 53
16 63
16 74
16 83
16 86
17 27
17 72
17 77
17 96
18 26
18 28
18 40
18 61
18 64
18 73
18 76
18 88
18 89
18 91
18 97
19 31
19 37
19 45
19 55
20 46
20 79
20 98
21 60
21 69
21 84
21 94
22 23
22 32
22 33
22 42
22 43
22 47
22 70
22 75
23 30
23 42
23 47
23 67
23 75
24 26
24 50
24 63
24 91
24 97
25 86
26 44
26 76
26 78
26 91
26 97
27 69
27 77
27 84
27 85
28 51
28 61
28 63
28 64
28 73
28 83
28 97
29 39
29 44
29 78
29 80
30 42
30 47
30 67
30 75
31 41
31 45
31 55
32 35
32 43
32 70
33 37
33 47
33 58
33 65
33 66
33 70
34 45
34 55
34 92
35 43
36 46
36 48
36 59
36 98
37 45
37 65
37 66
38 49
38 56
38 60
39 44
39 78
39 80
40 41
40 64
40 68
40 76
40 87
40 88
40 89
41 68
41 76
41 88
41 90
42 47
42 67
42 75
43 70
43 75
44 78
44 91
45 55
45 65
45 66
46 79
46 98
47 65
47 67
47 70
47 75
48 98
49 56
49 57
50 53
50 74
51 57
51 61
51 64
51 73
51 89
51 97
52 71
52 81
52 83
53 74
53 86
56 57
58 70
60 94
61 63
61 64
61 73
61 83
61 97
62 84
63 73
63 83
63 97
64 73
64 76
64 88
64 89
64 97
65 66
65 93
66 82
66 93
66 95
66 99
67 75
67 96
68 76
68 87
68 88
68 90
69 84
69 85
71 81
71 83
72 77
72 87
72 90
72 96
73 89
73 97
76 87
76 88
76 89
76 97
77 87
78 91
79 98
81 83
82 93
82 95
82 99
87 88
87 90
88 89
89 97
90 96
93 95
93 99
95 99
