1 5
1 7
1 12
1 23
1 36
1 49
1 65
1 68
1 73
1 75
1 89
2 8
2 22
2 41
2 44
2 45
2 52
2 53
2 69
2 91
2 93
3 33
3 48
3 58
4 18
4 22
4 52
4 93
4 94
4 96
5 7
5 12
5 17
5 36
5 49
5 68
5 73
5 86
6 16
6 19
6 58
6 71
6 95
6 99
7 12
7 17
7 34
7 36
7 66
7 68
7 73
7 82
7 86
8 37
8 40
8 43
8 44
8 45
8 53
8 62
8 69
8 91
9 40
9 41
9 53
9 57
9 60
9 91
10 38
10 67
10 96
11 21
11 25
11 35
11 37
11 43
11 64
11 72
11 76
11 85
12 36
12 49
12 65
12 68
12 73
12 86
12 89
13 47
13 78
14 20
14 21
14 27
14 29
14 48
14 61
14 72
14 90
15 26
15 81
16 25
16 33
16 35
16 58
16 71
16 84
16 85
17 34
17 36
17 66
17 73
17 82
17 86
18 22
18 52
18 94
18 96
19 42
19 71
19 74
19 79
19 80
19 83
19 95
19 98
19 99
20 24
20 27
20 29
20 51
20 61
20 70
21 25
21 35
21 64
21 72
21 90
22 45
22 52
22 93
22 94
23 49
23 65
23 75
23 89
24 27
24 29
24 51
24 61
24 70
25 35
25 58
25 64
25 72
25 84
25 85
26 30
26 31
26 46
26 87
27 29
27 51
27 61
27 70
28 45
28 62
28 63
29 51
29 61
29 70
30 31
30 46
30 87
31 87
32 48
33 48
33 58
34 66
34 82
34 86
35 58
35 64
35 72
35 84
35 85
36 49
36 68
36 73
37 43
37 44
37 62
37 69
37 76
38 67
38 96
39 41
39 59
39 77
39 88
39 97
40 41
40 43
40 44
40 53
40 57
40 60
40 69
40 76
40 91
41 53
41 60
41 69
41 91
41 93
42 56
42 74
42 79
42 80
42 83
42 98
42 99
43 44
43 53
43 69
43 76
44 53
44 69
44 76
44 91
45 52
45 62
45 69
45 91
46 63
46 87
47 78
49 65
49 68
49 73
49 75
49 89
50 54
51 61
51 70
52 93
52 94
53 57
53 60
53 69
53 91
54 92
55 74
55 95
56 79
56 80
56 83
56 92
56 98
57 60
58 71
58 85
59 77
59 88
59 97
60 75
61 70
61 90
62 69
64 72
64 76
64 84
64 85
65 75
65 89
66 82
66 86
67 96
69 91
71 80
71 83
71 98
71 99
72 90
73 86
74 80
74 95
77 88
77 97
78 84
78 85
79 80
79 83
79 92
79 98
79 99
80 83
80 98
80 99
82 86
83 98
83 99
84 85
88 97
91 93
93 94
94 96
95 99
98 99
