0 13
0 28
0 44
0 64
0 83
0 94
1 45
1 47
1 58
1 59
1 61
1 80
1 86
1 88
1 91
1 98
2 32
2 64
2 96
3 9
3 19
3 29
3 78
4 11
4 25
4 60
4 85
5 14
5 20
5 27
5 74
5 88
5 89
5 98
6 10
6 22
6 30
6 34
6 53
6 55
6 72
7 19
7 39
7 43
7 78
8 45
8 59
8 61
8 86
8 91
9 29
9 78
9 84
10 22
10 30
10 53
10 55
10 72
11 21
11 25
11 35
11 39
11 60
11 87
11 96
12 16
12 31
12 49
12 51
12 57
12 62
12 67
12 76
13 36
13 44
13 75
13 83
14 15
14 16
14 17
14 26
14 27
14 74
14 77
14 79
14 92
15 17
15 26
15 71
15 74
15 79
15 83
16 27
16 51
16 76
16 77
16 92
17 26
17 71
17 74
17 79
17 83
18 49
18 55
18 62
18 67
18 99
19 78
20 27
20 47
20 58
20 68
20 88
20 89
20 98
21 25
21 35
21 39
21 60
21 63
21 69
21 87
21 97
22 34
22 42
22 52
22 70
22 72
23 41
23 81
24 30
24 34
24 37
24 48
24 52
24 53
24 55
24 66
24 70
24 72
24 73
24 90
24 95
24 99
25 39
25 60
25 85
25 87
26 27
26 74
26 77
26 79
26 92
27 74
27 77
27 89
28 44
28 64
28 76
28 92
28 94
29 40
29 78
29 84
30 34
30 37
30 48
30 52
30 53
30 55
30 66
30 70
30 72
30 73
30 90
30 95
30 99
31 33
31 49
31 51
31 57
31 62
31 67
31 76
32 64
32 96
33 38
33 51
33 57
33 63
33 69
33 76
33 97
34 52
34 53
34 55
34 70
34 72
34 73
34 90
34 95
35 60
35 63
35 69
35 87
35 97
36 46
36 75
36 83
36 93
37 48
37 53
37 55
37 66
37 73
37 90
37 95
37 99
38 51
38 57
38 63
38 78
38 97
39 60
39 87
40 84
41 81
42 54
42 72
43 50
43 56
43 65
44 64
44 94
45 58
45 61
45 82
45 91
46 75
47 58
47 61
47 88
47 98
48 66
48 73
48 90
48 95
48 99
49 57
49 62
49 67
50 56
50 65
50 81
51 57
51 69
51 76
52 53
52 70
52 72
52 73
52 90
52 95
53 55
53 70
53 72
53 73
53 90
53 95
53 99
55 72
55 90
55 95
55 99
56 65
57 69
58 61
58 68
58 91
58 98
59 61
59 80
59 86
59 91
60 87
60 96
61 80
61 86
61 91
62 67
63 69
63 87
63 97
64 94
64 96
66 73
66 90
66 95
66 99
69 76
69 97
70 72
70 95
71 79
71 93
73 90
73 95
73 99
74 77
74 79
74 89
76 77
76 92
77 92
79 83
79 93
80 86
80 91
86 91
87 97
88 98
90 95
90 99
92 94
95 99
