0 28
0 33
0 43
0 60
1 10
1 20
1 21
1 58
1 73
1 84
1 89
1 91
2 15
2 16
2 23
2 82
2 83
2 90
2 91
3 15
3 16
3 23
3 82
3 83
3 90
4 10
4 20
4 21
4 31
4 48
4 57
4 58
4 84
4 89
5 13
5 43
5 60
5 62
5 74
5 96
6 38
6 42
6 44
6 49
6 69
6 80
6 87
7 14
7 26
7 31
7 32
7 86
7 94
7 95
8 27
8 38
8 39
8 44
8 50
9 36
9 46
9 52
9 72
9 76
9 79
10 18
10 20
10 21
10 58
10 73
10 84
10 89
10 91
11 12
11 17
11 19
11 40
11 56
11 61
12 17
12 19
12 40
12 61
12 65
13 18
13 62
13 74
13 96
14 26
14 32
14 86
14 94
15 16
15 23
15 82
15 83
15 90
15 91
16 23
16 70
16 71
16 82
16 83
16 90
17 19
17 30
17 40
17 61
18 20
18 31
18 43
18 58
18 62
18 74
18 84
18 95
18 96
19 30
19 40
19 56
19 61
20 21
20 58
20 73
20 74
20 84
20 89
20 95
21 23
21 58
21 73
21 84
21 89
21 91
22 29
22 49
22 69
22 87
23 82
23 83
23 90
23 91
24 34
24 41
24 68
24 85
24 92
24 93
25 30
25 45
25 56
25 61
25 63
25 81
26 31
26 32
26 86
26 94
27 39
27 44
27 50
28 33
28 43
28 60
28 96
29 67
29 69
30 34
30 45
30 56
30 61
30 63
30 81
31 32
31 57
31 86
31 95
32 86
32 94
32 95
33 43
33 60
34 59
34 85
34 92
34 93
35 54
36 46
36 52
36 76
36 79
37 41
37 54
37 55
37 75
38 39
38 42
38 44
38 49
38 50
38 80
39 44
39 50
39 88
40 61
40 65
41 55
41 59
41 75
41 85
41 92
41 93
42 64
42 80
43 60
43 62
43 74
43 95
43 96
44 49
44 50
44 88
45 52
45 56
45 61
45 63
45 81
46 52
46 72
46 76
46 79
47 70
47 71
47 77
48 57
49 69
49 87
50 88
51 64
51 67
51 78
51 80
51 98
51 99
52 72
52 76
52 79
53 97
53 99
54 75
55 59
55 72
55 75
55 92
55 93
56 61
56 63
56 81
57 84
58 73
58 84
58 89
59 75
59 81
59 92
59 93
60 96
61 63
61 81
62 74
62 95
62 96
63 81
64 78
64 80
64 87
64 98
64 99
65 88
66 77
67 78
67 98
68 85
68 97
68 99
69 87
70 71
72 76
73 84
73 89
74 95
74 96
75 92
75 93
76 79
76 81
78 87
78 98
78 99
80 87
80 98
82 83
82 90
83 90
83 91
84 89
85 92
85 93
86 95
87 98
89 91
90 91
92 93
95 96
97 99
98 99
