0 43
0 69
0 73
0 89
0 90
0 99
1 9
1 13
1 27
1 37
1 42
1 46
1 47
1 53
1 74
1 81
1 91
1 92
2 14
2 24
2 48
2 49
2 68
2 77
2 89
3 7
3 32
3 39
3 43
3 62
3 72
3 73
3 85
4 17
4 50
4 65
4 94
5 16
5 26
5 54
5 59
5 98
6 12
6 35
6 36
6 48
6 49
6 56
6 57
6 61
6 66
6 77
7 39
7 43
7 72
7 73
7 85
8 11
8 28
8 40
8 71
8 97
9 10
9 13
9 27
9 37
9 46
9 47
9 53
9 79
9 81
9 91
9 92
10 46
10 47
10 51
10 53
10 79
10 92
11 28
11 40
11 41
11 55
11 58
12 34
12 35
12 36
12 49
12 56
12 57
12 61
12 66
12 80
13 27
13 37
13 42
13 60
13 81
13 91
13 92
14 24
14 48
14 49
14 69
14 77
14 89
15 25
15 30
15 80
16 54
16 98
17 65
18 28
18 55
18 71
19 21
19 46
19 47
19 51
19 74
19 86
19 88
20 50
20 52
20 70
20 94
21 33
21 38
21 52
21 83
21 84
21 86
21 88
22 32
22 62
23 29
23 32
23 44
23 45
23 62
23 93
24 68
24 77
24 89
25 30
25 80
25 82
25 95
26 54
26 63
26 96
26 98
27 37
27 42
27 46
27 47
27 53
27 74
27 81
27 91
27 92
28 40
28 71
28 97
29 44
29 45
29 93
30 80
30 82
30 95
31 67
31 75
31 78
31 93
32 44
32 45
32 62
32 93
33 38
33 52
33 70
33 83
33 88
34 36
34 57
34 80
34 95
35 36
35 48
35 49
35 56
35 57
35 61
35 66
35 77
36 49
36 56
36 57
36 61
36 66
36 80
37 42
37 47
37 53
37 81
37 91
37 92
38 52
38 83
38 86
38 88
39 43
39 58
39 72
39 76
39 85
40 52
40 71
40 97
41 55
41 58
41 64
42 64
42 81
42 91
43 73
43 89
43 90
43 99
44 45
44 93
45 62
45 67
45 93
46 47
46 51
46 53
46 79
46 92
47 51
47 53
47 74
47 79
47 81
47 92
48 49
48 66
48 77
49 57
49 66
49 77
50 94
51 74
51 79
51 86
52 70
52 83
52 88
53 79
53 91
53 92
54 63
54 98
55 58
56 57
56 61
57 61
57 66
57 80
58 64
58 72
58 76
58 85
60 91
62 93
63 87
63 96
63 98
64 72
64 76
64 78
64 85
66 77
66 80
67 72
67 75
67 76
67 78
67 85
67 93
68 71
69 89
69 90
69 96
69 99
70 83
70 94
71 97
72 76
72 78
72 85
73 99
74 81
74 86
74 88
75 78
76 78
76 85
78 85
78 93
79 92
80 95
81 91
81 92
82 95
83 88
86 88
87 96
89 90
89 96
89 99
90 96
90 99
91 92
