0 99
1 7
1 16
1 41
1 56
1 57
1 85
1 94
2 34
2 54
2 60
2 78
2 91
2 98
3 25
3 43
3 55
4 16
4 37
4 41
4 47
4 57
4 88
5 32
5 44
5 81
6 16
6 94
6 97
7 41
7 56
7 57
8 19
8 39
8 46
8 53
8 58
8 68
8 80
8 83
8 93
8 95
9 15
9 25
9 26
9 55
9 69
9 77
10 62
10 63
10 72
10 90
11 17
11 26
11 39
11 46
11 54
11 58
11 65
11 68
11 71
11 75
11 76
11 80
11 83
12 24
12 34
12 36
12 42
12 45
12 54
12 64
12 71
12 78
13 51
13 74
13 98
14 19
14 39
14 49
14 65
15 26
15 46
15 58
15 69
15 77
15 80
15 83
16 41
16 56
16 57
16 94
17 39
17 46
17 54
17 65
17 68
17 71
17 75
17 76
18 23
18 32
18 35
18 38
18 50
18 60
18 61
18 92
19 20
19 49
19 53
19 86
20 53
20 63
20 72
20 86
20 90
20 95
21 87
21 89
21 96
22 24
22 36
22 42
22 48
22 64
22 67
22 97
23 32
23 35
23 38
23 45
23 50
23 60
23 61
23 92
24 36
24 42
24 45
24 54
24 64
24 71
24 78
25 26
25 55
25 64
25 69
26 46
26 58
26 64
26 69
26 75
26 76
26 80
26 83
27 28
27 31
27 49
27 66
27 82
28 31
28 82
29 40
29 52
30 33
30 59
30 62
30 72
30 77
30 93
30 95
31 66
31 82
32 35
32 38
32 45
32 61
32 92
33 59
33 62
34 54
34 71
34 78
34 91
34 92
35 38
35 50
35 60
35 61
35 92
36 42
36 45
36 48
36 67
37 47
37 88
38 45
38 50
38 60
38 61
38 92
39 46
39 58
39 65
39 68
39 75
39 76
39 80
39 83
40 52
41 56
41 57
42 54
42 64
42 71
42 78
44 48
44 81
45 92
46 58
46 65
46 68
46 69
46 75
46 76
46 80
46 83
47 88
48 67
48 73
48 81
48 97
49 99
50 61
50 74
50 79
51 98
53 72
53 86
53 90
53 93
53 95
54 71
54 75
54 76
54 78
55 69
56 57
58 68
58 69
58 75
58 76
58 80
58 83
59 62
59 93
60 92
60 98
62 63
62 72
63 72
63 90
64 69
64 71
65 68
65 75
65 76
66 86
67 73
67 81
67 97
68 75
68 76
68 80
68 83
69 76
71 75
71 76
71 78
72 90
72 93
72 95
73 81
73 85
73 94
73 97
74 79
75 76
75 80
75 83
76 80
76 83
77 93
77 95
80 83
84 91
84 98
85 94
86 90
87 89
87 96
89 96
90 95
91 98
93 95
94 97
