0 36
0 45
0 56
0 87
1 16
1 22
1 40
1 52
1 62
1 75
1 76
2 51
3 38
3 44
3 55
3 69
3 78
3 97
4 25
4 44
4 55
4 72
4 90
4 94
5 37
5 41
5 58
5 65
5 82
5 85
5 88
5 93
6 7
6 25
6 43
6 47
6 90
7 25
7 89
7 90
7 94
8 18
8 50
8 59
8 83
8 92
9 14
9 19
9 28
9 32
9 49
9 54
9 60
9 66
9 79
10 37
10 57
10 85
10 88
11 21
12 13
12 27
12 35
12 51
12 64
12 67
12 70
12 86
13 27
13 51
13 64
13 67
13 70
14 19
14 27
14 28
14 32
14 49
14 54
14 66
14 79
14 86
15 17
15 95
16 58
16 77
16 82
18 50
18 59
18 83
18 92
19 28
19 32
19 49
19 54
19 60
19 66
19 79
20 34
20 46
20 61
20 84
20 96
21 36
21 41
21 65
21 93
22 40
22 52
22 56
22 75
22 76
22 87
23 24
23 39
23 48
23 71
23 80
23 81
23 99
24 33
24 34
24 39
24 80
24 81
24 99
25 72
25 89
25 90
25 94
26 33
26 34
26 39
26 73
26 96
27 54
27 64
27 67
27 86
28 49
28 51
28 54
29 31
29 53
29 68
29 98
30 37
30 41
30 57
30 88
31 42
31 53
31 68
32 49
32 54
32 60
32 66
32 79
32 95
33 39
33 42
33 68
33 80
34 46
34 73
34 96
35 56
35 64
35 67
35 70
36 45
36 87
36 93
37 41
37 57
37 65
37 85
37 88
38 69
38 97
38 98
39 42
39 48
39 71
39 80
39 81
39 99
40 52
40 62
40 75
40 76
41 65
41 88
41 93
42 48
42 68
42 71
42 80
42 91
43 47
43 89
43 90
44 55
44 69
44 72
44 78
44 94
45 56
45 87
46 96
47 89
47 90
48 71
48 80
48 81
48 91
49 51
49 54
50 59
50 83
50 92
51 54
51 64
52 62
52 75
52 76
53 68
53 97
53 98
54 66
54 79
55 72
55 78
55 94
56 87
57 85
57 88
58 65
58 75
58 77
58 82
58 85
58 93
59 83
59 92
60 63
60 66
60 79
61 74
61 84
61 96
62 76
63 79
64 67
64 70
64 86
65 82
65 88
65 93
66 79
67 70
67 86
68 91
69 97
69 98
71 80
71 81
72 78
72 94
73 96
74 77
74 82
74 84
74 85
75 76
75 82
75 87
76 86
77 82
78 94
80 81
80 99
81 99
82 85
83 92
84 85
85 88
87 93
89 90
97 98
