0 29
0 33
0 49
0 67
0 68
0 76
1 24
1 39
1 46
1 78
1 80
1 88
1 90
2 12
2 15
2 21
2 26
2 48
2 53
2 54
2 60
3 32
3 66
3 69
3 85
3 86
4 16
4 23
4 41
4 51
4 56
4 82
4 97
5 17
5 44
5 70
6 23
6 64
6 84
6 96
6 97
7 47
8 13
8 58
8 63
9 18
9 20
9 35
9 50
9 72
9 74
10 25
10 40
10 46
10 51
10 56
10 78
10 91
11 66
11 85
11 86
11 87
11 98
12 15
12 30
12 48
12 54
12 60
13 47
13 49
13 58
13 63
14 17
14 43
14 56
14 57
14 61
14 91
14 95
14 99
15 21
15 48
15 53
15 54
15 60
16 41
16 43
16 56
16 82
16 91
16 99
17 44
17 57
17 61
17 70
17 95
18 22
18 30
18 35
18 42
18 45
18 62
18 72
18 74
19 32
19 34
19 59
19 75
19 92
20 50
21 42
21 48
21 53
21 54
21 55
21 67
21 68
22 28
22 42
22 45
22 54
22 55
22 62
23 40
23 51
23 64
23 84
23 97
24 36
24 39
24 80
24 88
24 90
25 38
25 40
25 65
25 69
25 81
26 29
26 33
26 53
26 73
26 76
27 37
27 47
27 71
27 79
27 83
28 42
28 55
28 62
28 69
29 33
29 67
29 73
29 76
30 35
30 54
30 60
31 64
32 66
32 85
32 88
32 92
33 49
33 67
33 73
33 76
34 52
34 59
34 75
34 77
34 92
34 94
35 45
35 72
35 74
36 39
36 80
36 88
36 89
36 90
37 71
37 79
37 83
37 93
38 40
38 65
38 81
38 96
39 80
39 88
39 90
40 51
40 65
40 81
41 82
41 97
42 45
42 54
42 55
42 62
43 46
43 56
43 57
43 91
43 95
43 99
44 70
45 54
45 55
45 62
45 72
45 74
46 56
46 78
46 91
46 99
47 58
47 71
47 83
48 53
48 54
48 55
48 60
49 58
50 72
50 74
51 97
52 77
52 93
52 94
53 54
53 67
53 73
54 55
54 60
55 62
55 68
56 78
56 82
56 91
56 95
56 99
57 61
57 70
57 95
57 99
59 75
59 77
59 94
61 70
61 95
64 84
64 97
65 81
65 96
66 69
66 85
66 86
67 68
67 76
68 87
68 98
69 81
69 85
69 86
70 95
71 79
71 83
72 74
73 76
75 92
77 94
78 91
79 83
79 93
80 88
80 90
84 97
85 86
86 87
86 98
87 98
88 90
91 95
91 99
93 94
95 99
