0 9
0 10
0 12
0 21
0 39
0 59
0 70
0 76
0 90
1 7
1 16
1 30
1 33
1 91
2 20
2 32
2 44
2 48
2 62
2 69
2 82
2 85
2 87
2 94
3 17
3 23
3 34
3 53
3 55
3 57
3 72
3 84
3 97
4 14
4 36
4 86
5 8
5 28
5 75
6 41
6 48
6 62
6 69
6 85
6 91
7 16
7 33
7 41
7 48
7 83
7 91
8 19
8 28
8 60
8 64
8 75
9 12
9 21
9 45
9 59
10 21
10 22
10 35
10 39
10 70
10 71
10 73
10 76
10 89
11 25
11 49
11 68
11 77
11 98
12 13
12 21
12 31
12 58
12 59
13 31
13 46
13 58
13 82
13 83
14 44
14 87
14 94
15 44
15 54
15 56
15 68
15 77
15 80
15 95
16 38
16 50
17 34
17 53
17 55
17 57
17 72
17 84
17 96
17 97
18 43
18 66
18 74
18 88
19 22
19 39
19 40
19 60
19 64
19 73
19 75
19 76
19 89
20 31
20 32
20 48
20 82
20 85
20 87
20 94
21 22
21 39
21 59
21 60
21 70
21 73
21 76
22 35
22 39
22 40
22 60
22 64
22 70
22 71
22 73
22 75
22 76
22 89
23 54
23 56
23 72
23 80
23 95
23 97
24 29
24 42
24 81
24 93
25 63
25 92
26 41
26 51
26 91
27 45
27 59
27 65
27 78
27 86
27 90
28 75
29 67
29 79
29 81
29 93
30 33
30 51
30 91
31 58
31 82
31 83
31 85
32 44
32 48
32 62
32 69
32 82
32 85
32 87
32 94
33 51
33 91
34 53
34 55
34 57
34 84
34 96
34 97
35 40
35 71
35 73
35 89
36 37
36 42
36 61
37 47
37 61
37 99
38 43
38 46
38 50
38 74
39 60
39 64
39 70
39 73
39 75
39 76
39 89
40 71
40 73
40 89
41 48
41 62
41 69
41 85
41 91
42 47
42 61
43 66
43 74
43 88
44 80
44 87
44 94
45 59
45 65
45 78
45 86
46 83
47 61
47 99
48 62
48 69
48 82
48 83
48 85
48 91
49 54
49 56
49 68
49 77
49 98
51 91
53 55
53 57
53 72
53 84
53 96
53 97
54 56
54 68
54 77
54 80
54 95
54 98
55 57
55 72
55 84
55 96
55 97
56 80
56 95
57 84
57 97
59 65
59 78
59 90
60 64
60 73
60 75
60 76
60 89
61 99
62 69
62 85
62 87
62 94
63 68
63 77
64 73
64 75
64 76
64 89
65 78
65 86
65 90
66 74
66 88
67 78
67 79
67 90
67 93
68 77
68 98
69 85
70 71
70 73
70 76
70 89
71 73
71 89
72 84
72 95
72 96
72 97
73 76
73 89
74 88
75 89
76 89
77 80
77 98
78 81
78 86
78 90
78 93
79 81
79 93
80 95
81 86
81 93
82 83
82 85
82 94
83 85
84 96
84 97
87 94
96 97
