0 1
0 66
0 89
0 97
1 52
1 66
1 87
1 89
1 97
2 16
2 43
2 84
2 92
2 99
3 18
3 20
3 26
3 37
3 38
3 44
3 81
3 91
3 93
4 19
4 23
4 34
4 37
4 81
4 83
4 88
5 12
5 14
5 45
5 54
5 60
5 61
5 94
5 98
6 9
6 15
6 20
6 26
6 39
6 40
6 51
6 65
6 80
7 57
7 59
7 74
7 87
8 70
8 73
8 79
8 84
9 36
9 40
9 51
9 56
9 65
9 68
9 80
10 13
10 17
10 30
10 53
10 95
11 78
11 95
12 14
12 21
12 45
12 54
12 60
12 61
12 94
12 98
13 17
13 50
13 53
14 21
14 45
14 60
14 94
14 98
15 20
15 28
15 31
15 39
15 40
15 44
15 51
15 71
15 80
15 90
15 96
16 35
16 43
16 85
16 92
16 99
17 50
18 38
18 44
18 91
18 93
19 23
19 34
19 37
19 62
19 72
19 81
19 86
19 88
20 26
20 38
20 39
20 40
20 44
20 51
20 80
20 93
21 24
21 42
21 67
21 94
21 98
22 28
22 35
22 47
22 49
22 51
22 85
22 92
22 96
23 34
23 81
23 83
23 86
23 88
24 42
24 55
24 64
24 67
24 75
25 77
26 37
26 38
26 46
26 80
26 81
27 48
27 61
27 69
27 82
28 35
28 47
28 71
28 85
28 96
29 30
29 32
29 74
30 32
30 95
31 58
31 59
31 71
31 90
32 95
33 41
33 52
33 57
33 76
33 87
34 37
34 81
34 83
35 47
35 49
35 85
35 92
35 96
35 99
36 56
36 63
36 65
36 68
37 38
37 81
37 88
38 39
38 44
38 91
38 93
39 40
39 44
39 51
39 71
39 80
39 90
39 93
40 51
40 80
40 96
41 52
41 55
41 64
41 75
42 67
42 94
43 99
44 91
44 93
45 54
45 60
45 61
45 94
45 98
47 49
47 85
47 92
47 96
48 60
48 61
48 69
48 82
49 63
49 70
49 85
51 65
51 80
51 96
52 55
52 64
52 75
53 95
54 55
54 60
54 61
54 94
54 98
55 64
55 67
55 75
56 65
56 68
57 59
57 74
57 76
57 87
58 59
58 71
58 90
59 74
59 76
59 87
60 61
60 94
60 98
61 82
61 98
62 72
62 83
62 86
63 70
64 67
64 75
65 68
66 77
66 89
66 97
67 75
69 82
70 79
71 90
71 96
72 86
72 88
73 79
73 84
74 87
76 87
77 89
78 95
81 88
83 86
85 92
85 96
85 99
87 97
89 97
91 93
92 99
94 98
