0 15
0 63
0 83
1 16
1 58
2 6
2 22
2 33
2 36
2 37
2 42
2 51
2 70
3 8
3 13
3 19
3 65
4 9
4 21
4 35
4 48
4 56
4 97
5 8
5 13
5 17
5 19
5 27
5 43
5 50
5 90
6 22
6 33
6 36
6 37
6 38
6 51
6 70
6 91
7 75
8 13
8 17
8 19
8 43
8 90
9 21
9 71
9 93
9 97
10 24
10 28
10 66
10 71
10 73
10 76
10 77
10 93
10 97
11 31
11 35
11 42
11 71
11 76
11 89
11 93
12 15
12 46
12 52
12 63
12 94
13 14
13 17
13 19
13 25
13 32
13 43
13 49
13 90
14 17
14 25
14 32
14 49
14 85
15 30
15 52
15 63
16 58
17 19
17 25
17 32
17 43
17 49
17 90
18 27
18 32
18 50
19 43
19 90
20 26
20 28
20 55
20 66
20 68
20 69
20 73
20 77
20 81
21 40
21 56
21 59
22 33
22 36
22 37
22 51
22 70
22 91
23 33
23 36
23 38
23 45
23 51
23 67
23 82
23 96
24 31
24 41
24 45
24 53
24 55
24 57
24 66
24 71
24 73
24 76
24 77
24 93
25 26
25 49
25 85
26 28
26 65
26 68
26 81
27 32
27 50
27 90
28 59
28 68
28 73
28 81
29 44
29 74
30 41
30 53
30 55
30 57
30 66
30 69
31 42
31 45
31 51
31 71
31 76
31 89
31 93
32 43
32 49
32 83
33 36
33 37
33 42
33 51
33 91
34 40
34 58
34 61
34 72
35 42
35 44
35 71
35 89
35 93
35 97
36 37
36 42
36 51
36 70
36 91
37 70
37 91
38 67
38 82
38 84
38 86
38 88
38 96
39 63
39 94
40 56
40 61
40 72
40 78
41 45
41 53
41 55
41 57
41 69
42 51
42 89
43 90
44 48
44 74
44 79
45 53
45 76
46 52
46 94
47 54
47 62
47 87
47 95
47 98
48 56
48 79
49 83
49 85
50 90
51 67
52 63
52 94
53 55
53 57
53 69
54 62
54 84
54 86
54 95
54 96
54 98
55 57
55 66
55 68
55 69
55 73
55 77
56 61
56 78
56 79
57 66
57 69
58 59
60 64
60 87
60 95
61 72
61 78
62 87
62 95
62 98
64 87
66 68
66 69
66 73
66 77
66 81
67 82
67 84
67 86
67 96
68 69
68 73
68 77
68 81
68 85
69 73
69 85
70 91
71 76
71 77
71 89
71 93
71 97
72 78
73 77
73 81
75 80
76 77
76 89
76 93
76 97
77 93
77 97
82 84
82 86
82 88
82 96
84 86
84 88
84 96
86 88
86 96
87 95
87 98
88 96
89 93
89 97
92 99
93 97
95 98
