0 30
0 42
0 55
0 80
1 17
1 23
1 43
1 47
1 54
1 75
1 83
2 6
2 81
2 93
3 9
3 10
3 48
3 72
3 76
3 79
3 94
4 23
4 39
4 41
4 55
5 7
5 13
5 16
5 59
5 96
5 99
6 81
6 93
7 13
7 59
7 69
7 77
7 96
8 10
8 20
8 27
8 29
8 48
8 50
8 72
8 76
8 79
8 84
8 94
8 98
9 10
9 39
9 48
9 72
9 76
9 78
9 79
9 91
9 94
10 20
10 21
10 29
10 48
10 50
10 72
10 76
10 79
10 84
10 94
10 98
11 15
11 34
11 51
12 52
12 66
12 82
12 95
13 14
13 38
13 58
13 59
13 69
13 77
13 96
14 37
14 38
14 53
14 68
14 69
14 77
15 35
15 44
15 51
15 62
15 82
15 86
16 17
16 21
16 29
16 46
16 50
16 84
16 96
16 99
17 21
17 43
17 46
17 47
17 49
17 75
17 83
17 84
17 91
17 99
18 46
18 49
18 54
18 57
18 75
18 83
18 87
19 64
19 85
19 97
20 27
20 29
20 50
20 56
20 98
21 29
21 43
21 47
21 50
21 78
21 84
21 91
21 94
21 99
22 24
22 25
22 27
22 67
22 98
23 39
23 41
23 47
23 78
23 91
24 25
24 65
24 67
24 71
25 67
25 71
25 98
26 35
26 52
26 61
26 88
26 90
27 34
27 50
27 56
27 98
28 32
28 40
28 44
28 63
28 86
29 50
29 79
29 84
29 94
30 36
30 55
30 80
31 46
31 58
31 59
31 60
31 74
31 87
31 89
31 92
32 40
32 44
32 63
33 37
33 40
33 53
33 68
33 73
34 51
34 90
35 51
35 52
35 82
35 90
36 41
36 55
36 80
37 38
37 53
37 68
38 45
38 53
38 68
38 69
38 77
39 41
39 55
39 78
39 91
40 73
40 81
41 55
42 80
43 47
43 75
43 78
43 83
43 91
44 62
44 63
44 86
45 70
45 77
46 49
46 57
46 87
46 89
46 99
47 75
47 78
47 83
47 84
47 91
48 72
48 76
48 79
48 94
48 98
49 54
49 57
49 75
49 83
49 87
49 99
50 56
50 79
50 84
50 94
51 86
52 66
52 82
53 68
53 73
54 57
54 75
54 83
55 80
57 75
57 83
57 87
58 59
58 60
58 69
58 74
58 77
58 89
58 92
59 69
59 74
59 77
59 87
59 96
60 70
60 74
60 89
60 92
60 97
61 71
61 88
61 90
62 82
62 86
63 86
64 85
64 92
64 97
65 71
66 82
66 88
66 95
67 71
67 98
68 73
69 77
72 76
72 79
72 94
72 98
74 85
74 87
74 89
74 92
74 97
75 83
76 79
76 94
76 98
78 84
78 91
78 94
79 84
79 91
79 94
79 98
81 93
84 91
84 94
85 89
85 92
87 89
87 92
87 99
88 95
89 92
91 94
92 97
96 99
