0 11
0 16
0 18
0 19
1 11
1 14
1 16
1 21
1 22
1 33
1 92
2 48
2 85
3 12
3 15
3 29
3 60
3 67
3 77
3 80
4 7
4 50
4 54
4 59
4 71
4 95
5 6
5 24
5 31
5 36
5 43
5 75
5 97
6 24
6 36
6 88
6 97
7 50
7 54
7 59
7 71
7 95
8 10
8 25
8 44
8 51
8 52
8 61
8 64
8 78
8 79
8 84
8 87
8 94
9 44
9 51
9 58
10 25
10 44
10 51
10 52
10 56
10 61
10 64
10 78
10 79
10 87
10 94
11 16
11 19
11 22
11 33
11 46
11 53
11 92
12 29
12 32
12 66
13 59
13 70
13 72
13 86
13 90
13 95
14 16
14 21
14 22
14 33
14 40
14 47
14 55
14 92
14 96
15 41
15 60
15 67
15 68
15 80
16 19
16 21
16 22
16 33
16 92
17 72
17 86
19 22
19 46
19 53
20 37
20 48
20 61
20 73
20 84
20 99
21 22
21 33
21 40
21 47
21 55
21 92
21 96
22 33
22 40
22 46
22 55
22 89
22 92
23 26
23 27
23 35
23 37
23 57
23 61
23 73
23 78
23 79
23 84
23 99
24 36
24 43
24 75
24 97
25 43
25 44
25 51
25 52
25 56
25 64
25 78
25 87
25 94
26 27
26 35
26 37
26 39
26 57
26 61
26 78
26 79
26 84
26 99
27 35
27 71
27 78
27 95
28 62
28 76
29 32
29 60
29 66
29 67
29 77
30 31
30 34
30 81
30 93
30 98
31 36
31 43
31 75
31 93
32 74
32 93
33 40
33 47
33 55
33 92
34 42
34 81
34 98
35 61
35 64
35 78
35 79
36 43
36 75
36 97
37 57
37 61
37 73
37 79
37 84
37 99
38 45
38 65
38 74
38 89
39 54
39 57
40 47
40 55
40 89
40 92
40 96
41 60
41 67
41 68
41 80
41 91
42 56
42 64
42 87
42 98
43 51
43 52
43 56
43 75
43 94
43 97
44 51
44 52
44 94
45 63
45 65
45 74
45 89
45 96
46 53
46 89
47 55
47 92
48 73
48 99
49 60
49 67
49 77
49 82
49 91
50 54
50 62
50 83
51 52
51 94
51 97
52 56
52 64
52 87
52 94
54 71
55 92
55 96
56 64
56 87
59 70
59 95
60 67
60 68
60 77
60 80
60 91
61 73
61 78
61 79
61 84
61 99
62 76
62 83
63 65
63 74
64 78
64 87
65 74
65 82
66 75
66 93
67 68
67 77
67 80
67 91
68 77
68 80
68 91
69 70
69 72
69 76
70 76
71 95
72 86
72 90
73 79
73 84
73 99
74 82
77 91
78 79
78 87
79 84
79 99
80 91
81 93
81 98
84 99
86 90
89 96
92 96
