0 6
0 27
0 32
0 36
0 78
0 88
1 26
1 47
1 48
1 68
1 92
2 24
2 50
2 51
2 56
3 17
3 29
3 71
3 73
3 80
3 84
3 97
4 9
4 10
4 15
4 26
4 67
4 98
5 14
5 18
5 53
5 60
5 86
5 94
5 95
6 27
6 32
6 36
6 78
6 88
6 99
7 11
7 39
7 57
7 71
7 73
7 80
7 84
7 97
8 14
8 18
8 54
8 60
8 86
8 95
9 10
9 15
9 26
9 31
9 67
9 90
9 93
9 98
10 15
10 22
10 26
10 67
10 93
10 98
11 39
11 57
11 73
11 80
11 97
12 16
12 28
12 44
12 81
12 89
14 18
14 54
14 60
14 86
14 94
14 95
15 31
15 67
15 90
15 93
15 98
16 28
16 44
16 72
16 81
16 89
17 19
17 29
17 61
17 71
17 74
17 84
18 54
18 60
18 86
18 94
18 95
19 23
19 61
19 71
19 84
20 53
20 64
20 65
20 75
20 96
21 27
21 32
21 45
22 35
22 87
22 98
23 25
23 61
24 50
24 51
24 79
25 35
26 34
26 48
26 68
26 98
27 32
27 45
27 78
28 44
28 81
28 89
29 71
29 73
29 80
29 84
29 97
30 40
30 83
31 67
31 81
31 82
31 93
32 36
32 45
32 78
32 88
32 99
33 37
33 52
33 62
34 42
34 68
34 70
34 76
35 82
35 87
36 58
36 77
36 78
36 88
36 99
37 46
37 48
37 52
37 62
37 90
37 92
38 42
38 53
38 66
38 68
38 76
38 94
39 57
39 73
39 80
39 84
39 97
40 83
41 64
41 65
41 70
41 75
41 96
42 53
42 66
42 68
42 76
42 94
43 49
43 58
43 63
43 77
43 82
43 99
44 81
44 85
44 89
46 47
46 48
46 62
46 91
46 92
47 48
47 62
47 91
47 92
48 92
49 58
49 63
49 72
49 77
49 88
49 99
50 51
50 56
50 59
50 79
51 56
52 90
53 66
53 75
53 94
54 60
54 86
54 95
55 79
56 59
56 69
57 80
57 97
58 63
58 72
58 77
58 99
59 79
60 86
60 94
60 95
61 71
61 84
62 92
63 72
63 77
63 88
63 99
64 65
64 70
64 75
64 96
65 70
65 75
65 96
66 68
66 76
66 94
67 90
67 93
67 98
68 76
70 75
70 76
70 96
71 73
71 80
71 84
71 97
72 77
73 80
73 84
73 97
75 76
75 96
77 88
77 99
78 88
78 99
80 84
80 97
81 89
82 93
83 85
84 97
85 89
86 94
86 95
88 99
90 93
91 92
94 95
