0 49
0 55
0 59
0 62
0 72
0 93
1 8
1 38
1 39
1 45
1 46
1 61
1 65
1 69
1 80
1 99
2 15
2 20
2 29
2 30
2 89
3 6
3 26
3 53
3 56
3 64
3 76
3 94
4 22
4 41
4 60
4 91
5 10
5 27
5 32
5 36
5 79
6 7
6 26
6 56
6 76
8 10
8 27
8 32
8 39
8 45
8 46
8 69
8 80
9 24
9 40
9 42
9 71
9 77
9 83
10 27
10 32
10 36
10 46
10 95
11 25
11 37
11 40
11 42
11 58
11 71
11 83
12 19
12 59
12 72
12 74
12 81
12 96
13 33
13 43
13 50
13 68
13 70
13 75
13 84
13 90
14 38
14 54
14 61
14 65
14 69
14 99
15 23
15 30
15 66
15 78
15 92
16 19
16 57
16 67
16 74
16 77
17 18
17 22
17 28
17 41
17 51
17 52
17 82
17 85
18 28
18 33
18 43
18 47
18 48
18 50
18 51
18 53
18 68
18 82
18 98
19 57
19 67
19 74
19 81
20 73
20 89
21 31
21 87
22 41
22 60
22 82
22 85
23 29
23 30
23 66
23 78
23 86
24 40
24 58
24 71
24 92
25 40
25 42
25 57
25 67
25 77
25 83
26 56
26 76
27 34
27 46
27 80
28 47
28 48
28 51
28 52
28 53
28 64
28 94
28 98
29 30
29 31
29 66
29 89
30 66
30 78
30 86
31 73
31 87
32 36
32 46
32 95
33 43
33 47
33 50
33 51
33 53
33 68
33 70
33 75
33 84
33 90
33 98
34 37
34 44
34 63
35 44
35 88
36 95
37 58
37 63
37 83
38 39
38 45
38 54
38 61
38 65
38 69
38 99
39 46
39 61
39 69
39 80
39 99
40 42
40 58
40 71
40 77
40 83
41 60
41 81
41 82
41 85
41 91
42 71
42 77
42 83
43 47
43 50
43 51
43 53
43 68
43 70
43 75
43 98
44 63
44 88
45 46
45 65
45 69
45 99
46 69
46 80
47 48
47 50
47 51
47 53
47 64
47 68
47 94
47 98
48 51
48 53
48 64
48 94
48 98
49 55
49 59
49 62
49 72
49 93
50 51
50 53
50 68
50 70
50 75
50 84
50 98
51 53
51 68
51 82
51 98
52 82
52 85
53 64
53 68
53 94
53 98
54 65
54 99
55 59
55 62
55 72
55 93
55 96
56 76
57 61
57 67
57 74
57 77
58 71
58 83
58 92
59 62
59 72
59 74
59 93
59 96
60 91
61 65
61 99
62 72
62 93
62 96
64 76
64 94
64 98
65 69
65 99
66 78
66 86
67 74
67 77
68 70
68 75
68 98
69 99
70 75
70 84
70 90
71 77
71 83
71 92
72 74
72 93
72 96
73 87
73 89
73 97
74 96
75 84
75 90
76 86
76 94
77 83
78 86
81 85
82 85
84 90
87 97
93 96
94 98
