0 4
0 13
0 15
0 26
0 39
0 53
0 75
0 97
1 11
1 12
1 21
1 32
1 35
1 41
1 45
1 50
1 58
1 60
1 79
1 92
2 48
2 49
2 81
2 93
2 94
2 98
3 48
3 49
3 52
3 70
3 74
3 81
3 85
3 93
3 98
4 5
4 13
4 18
4 26
4 39
4 75
5 13
5 17
5 18
5 26
5 34
5 39
5 44
5 56
5 57
5 77
6 19
6 31
6 40
6 46
6 54
6 64
6 66
6 90
7 28
7 37
7 96
8 17
8 24
8 49
8 56
8 81
8 85
9 22
9 23
9 29
9 36
9 38
9 43
9 55
9 68
9 83
9 95
10 19
10 29
10 31
10 33
10 43
10 46
10 54
10 61
10 64
10 65
10 83
11 41
11 45
11 60
11 67
11 79
11 92
12 21
12 32
12 45
12 50
12 58
12 78
12 86
12 91
13 18
13 26
13 27
13 34
13 39
13 75
14 20
14 62
15 35
15 53
15 58
15 63
15 97
16 88
17 56
17 88
17 89
18 26
18 27
18 34
18 39
18 44
18 56
18 57
18 77
19 31
19 46
19 54
19 61
19 64
19 65
19 83
20 97
21 32
21 35
21 45
21 50
21 58
21 63
21 86
21 91
22 23
22 36
22 38
22 55
22 68
22 95
23 29
23 36
23 38
23 43
23 55
23 68
23 95
24 49
24 74
24 81
24 85
25 54
25 82
26 27
26 34
26 39
26 75
26 97
27 34
27 44
27 57
27 75
28 37
28 87
28 96
29 36
29 38
29 43
29 68
29 83
30 42
30 62
30 78
30 86
30 91
31 40
31 46
31 54
31 61
31 64
31 65
31 73
31 83
32 35
32 50
32 53
32 58
32 63
32 86
32 91
34 39
34 44
34 57
34 75
34 77
35 41
35 53
35 58
35 60
35 63
35 92
36 38
36 43
36 55
36 68
36 95
38 43
38 55
38 59
38 61
38 65
38 68
38 73
38 83
38 95
39 75
40 59
40 61
40 64
40 65
40 73
40 80
40 90
40 99
41 58
41 60
41 82
41 92
42 62
42 78
42 86
43 59
43 61
43 64
43 65
43 68
43 83
43 95
44 57
44 77
44 89
45 50
45 79
46 54
46 61
46 64
46 65
46 66
47 69
47 79
48 52
48 70
48 81
48 93
48 94
48 98
49 74
49 81
49 85
49 93
49 94
49 98
50 58
50 79
50 86
50 91
52 70
52 74
52 93
52 98
53 58
53 63
53 97
54 66
55 68
55 95
56 77
57 77
57 89
58 60
58 63
58 91
59 61
59 64
59 65
59 68
59 73
59 83
59 95
60 82
60 92
61 64
61 65
61 73
61 83
61 95
63 91
64 65
64 73
64 83
65 73
65 83
65 95
67 79
67 92
68 83
68 95
69 79
70 74
70 93
70 98
72 80
72 90
73 80
73 83
73 95
73 99
74 81
74 85
74 93
74 98
75 97
76 84
76 96
77 89
78 86
78 91
80 90
80 99
81 85
81 93
81 94
81 98
82 92
83 95
84 87
84 96
86 91
87 96
90 99
93 94
93 98
94 98
