0 12
0 35
0 76
0 96
1 11
1 13
1 14
1 17
1 29
1 40
1 52
1 58
1 59
1 66
1 82
2 4
2 9
2 18
2 25
2 60
2 69
2 85
2 86
2 87
2 94
3 23
3 30
3 71
3 93
4 18
4 60
4 69
4 85
4 86
4 87
4 94
5 15
5 26
5 67
5 77
6 12
6 34
6 44
6 45
6 46
6 47
6 79
6 83
6 90
7 16
7 20
7 24
7 31
7 32
7 39
7 51
7 56
7 63
7 89
8 22
8 24
8 27
8 29
8 39
8 40
8 72
8 88
8 89
9 10
9 18
9 25
9 86
9 92
10 18
10 43
10 53
10 92
10 97
11 13
11 17
11 26
11 59
11 66
11 67
11 77
11 82
12 35
12 44
12 46
12 76
12 90
12 96
13 14
13 17
13 26
13 52
13 59
13 66
13 67
13 77
13 82
14 17
14 29
14 38
14 40
14 52
14 58
14 59
14 61
14 66
14 73
14 82
15 67
15 75
15 77
15 91
15 99
16 20
16 24
16 27
16 32
16 39
16 51
16 56
16 63
16 81
16 88
16 89
17 29
17 38
17 40
17 52
17 59
17 66
17 77
17 82
18 43
18 60
18 85
18 87
18 92
18 94
19 49
19 80
19 99
20 24
20 31
20 36
20 39
20 51
20 56
20 63
21 61
21 64
21 65
21 70
21 73
21 84
21 98
22 24
22 27
22 29
22 39
22 40
22 63
22 72
22 88
22 89
23 71
24 36
24 39
24 51
24 63
24 72
24 88
24 89
25 86
26 59
26 66
26 67
26 77
26 82
27 29
27 37
27 38
27 39
27 40
27 61
27 64
27 88
27 89
27 98
28 54
28 57
29 38
29 40
29 52
29 59
29 61
29 64
29 66
29 73
29 88
29 89
30 62
30 71
30 74
30 93
30 95
31 51
31 56
32 35
32 39
32 56
32 63
32 76
32 81
33 34
33 45
33 47
33 83
34 45
34 47
34 83
34 86
35 76
35 81
36 51
36 63
36 72
37 38
37 61
37 64
37 70
37 73
37 81
37 89
37 98
38 40
38 52
38 61
38 64
38 70
38 73
38 89
38 98
39 51
39 63
39 88
39 89
40 52
40 59
40 61
40 64
40 66
40 73
42 50
43 53
43 87
43 92
43 97
44 45
44 46
44 47
44 90
44 96
45 46
45 47
45 83
45 90
46 47
46 90
46 96
47 83
47 90
48 50
49 72
49 75
49 78
49 80
49 91
49 99
51 56
51 63
52 58
52 59
52 61
52 66
52 73
52 82
53 92
53 97
56 63
58 61
58 65
58 68
58 73
59 66
59 67
59 77
59 82
60 69
60 85
60 87
60 94
61 64
61 65
61 70
61 73
61 84
61 98
62 68
62 74
63 88
63 89
64 70
64 73
64 98
65 68
65 70
65 73
65 84
66 67
66 77
66 82
67 75
67 77
67 82
67 91
67 99
68 74
69 85
69 86
69 94
70 73
70 84
70 98
71 93
72 78
72 80
72 88
72 89
73 84
73 98
74 95
75 78
75 80
75 91
75 99
76 81
76 96
77 82
78 80
79 83
80 91
80 99
81 98
83 86
84 98
85 86
85 87
85 94
87 94
88 89
90 96
91 99
92 97
93 95
