0 7
0 10
0 40
0 42
0 51
0 86
1 8
1 9
1 19
1 22
1 52
1 62
1 64
1 75
2 5
2 16
2 21
2 34
2 80
2 94
3 4
3 6
3 28
3 30
3 61
3 70
3 90
3 92
4 25
4 28
4 30
4 58
4 71
4 77
4 90
4 92
4 98
5 16
5 21
5 34
5 59
5 80
6 17
6 25
6 61
6 70
6 92
7 33
7 40
7 51
7 69
8 9
8 15
8 44
8 49
8 50
8 62
8 64
9 22
9 44
9 49
9 52
9 62
9 64
9 89
10 40
10 42
10 76
10 86
11 18
11 26
11 33
11 48
12 13
12 20
12 23
12 27
12 37
12 47
12 60
12 72
12 73
12 82
13 27
13 29
13 46
13 47
13 73
13 83
14 41
14 45
14 65
14 94
14 97
15 23
15 37
15 44
15 49
15 62
15 85
16 21
16 31
16 34
16 54
16 59
16 80
17 55
17 61
17 66
17 99
18 26
18 33
18 48
18 80
19 22
19 52
19 74
19 75
19 84
19 93
20 72
20 79
20 82
20 91
21 31
21 34
21 50
21 54
21 59
21 87
21 89
22 52
22 64
22 75
22 77
23 36
23 37
23 56
23 60
23 72
23 85
24 63
24 68
24 95
25 55
25 61
25 66
25 70
25 77
25 90
25 92
25 99
26 33
26 48
26 80
27 29
27 46
27 47
27 73
27 83
28 30
28 58
28 71
28 90
28 98
29 46
29 47
29 73
29 83
30 58
30 71
30 77
30 90
30 98
31 34
31 35
31 44
31 50
31 54
31 59
31 87
31 89
32 68
32 84
32 93
33 51
33 69
34 54
34 59
34 80
34 94
35 45
35 50
35 94
36 56
36 60
36 85
36 95
37 60
37 72
37 82
37 85
38 67
38 78
39 55
39 66
39 75
39 99
40 42
40 51
41 65
41 97
42 76
42 86
43 53
43 57
43 79
43 88
44 49
44 50
44 54
44 64
44 89
45 94
45 97
46 47
46 73
46 79
46 83
47 73
47 83
48 80
49 62
49 64
50 54
50 89
51 69
52 64
52 75
52 77
53 57
53 88
54 59
54 87
54 89
55 61
55 66
55 99
56 60
56 72
56 81
56 82
56 85
56 95
57 88
58 71
58 77
58 90
58 98
59 80
59 87
59 89
59 98
60 72
60 82
60 85
61 70
61 92
61 99
62 64
62 84
63 68
64 75
64 87
64 89
65 76
65 86
65 97
66 75
66 77
66 99
67 78
70 92
71 90
71 98
72 82
72 85
73 83
74 93
75 77
75 99
76 86
77 90
77 92
77 99
79 91
81 82
81 91
81 95
82 91
84 93
85 95
87 89
90 92
90 98
92 99
94 97
