0 7
0 9
0 24
0 37
0 50
0 52
0 69
0 79
0 82
1 35
1 48
1 74
1 81
1 84
2 6
2 10
2 20
2 22
2 30
2 44
2 51
2 59
2 73
2 85
2 94
3 60
4 12
4 30
4 46
4 56
4 61
4 70
4 80
4 87
4 97
5 21
5 26
5 41
5 77
5 95
6 10
6 18
6 20
6 22
6 32
6 44
6 51
6 59
6 73
6 92
6 94
7 37
7 50
7 52
7 69
7 75
7 79
7 82
8 14
8 27
8 65
8 78
9 24
9 52
9 82
10 20
10 30
10 44
10 51
10 73
10 80
10 85
10 94
11 33
11 43
11 53
11 64
11 67
11 76
12 56
12 87
13 55
13 66
14 65
15 17
15 53
15 72
15 98
16 19
16 31
16 36
16 38
16 45
16 58
17 72
17 98
18 22
18 23
18 25
18 29
18 32
18 51
18 59
18 86
18 92
19 31
19 36
19 38
19 68
19 71
20 30
20 44
20 51
20 61
20 73
20 80
20 92
20 94
21 26
21 37
21 41
21 50
21 75
21 77
21 85
21 95
22 25
22 26
22 35
22 41
22 44
22 51
22 59
23 29
23 32
23 86
23 92
24 52
24 82
25 26
25 29
25 35
25 41
25 59
25 81
25 88
25 90
25 91
26 35
26 41
26 59
27 50
27 77
27 78
27 79
28 39
28 49
28 64
28 93
29 32
29 47
29 59
29 86
29 91
30 44
30 61
30 80
30 85
30 87
30 94
31 36
31 38
31 45
31 58
32 51
32 59
32 86
32 92
33 53
33 76
35 41
35 59
35 81
35 88
35 91
36 38
36 62
36 68
36 71
36 83
37 44
37 50
37 69
37 75
37 79
37 85
38 62
38 68
38 71
39 49
39 64
39 93
40 47
40 63
40 96
41 59
41 74
41 95
42 47
42 57
42 63
42 88
42 90
42 91
43 46
43 67
43 70
43 97
44 51
44 75
44 85
44 94
45 54
45 58
46 61
46 67
46 70
46 73
46 97
47 57
47 63
47 88
47 90
47 91
47 96
48 74
48 84
49 56
49 93
50 69
50 75
50 77
50 79
50 82
51 59
51 73
51 85
51 92
51 94
52 69
52 82
53 76
53 98
54 58
54 99
55 66
56 87
57 62
57 63
57 68
57 88
57 90
57 91
60 83
60 89
61 70
61 73
61 80
61 87
61 94
61 97
62 68
62 71
62 81
62 83
62 88
62 90
63 88
63 90
63 96
64 93
65 78
66 72
67 70
67 97
68 71
68 81
68 83
68 88
68 90
69 75
69 79
69 82
70 73
70 97
71 83
72 98
73 92
73 94
73 97
74 84
74 95
75 77
75 79
75 85
77 95
79 82
80 87
80 94
81 88
81 90
81 91
83 89
85 94
86 92
87 97
88 90
88 91
90 91
