0 13
0 56
0 67
0 86
0 94
1 12
1 18
1 29
1 40
2 21
2 24
2 26
2 55
2 63
2 69
2 76
2 78
3 6
3 20
3 71
3 72
3 80
3 83
3 97
4 8
4 9
4 49
4 61
4 93
5 32
5 48
5 74
6 15
6 20
6 71
6 80
6 83
7 27
7 30
7 36
7 38
7 39
7 50
7 51
7 53
7 58
7 59
7 82
7 87
8 49
8 61
8 89
8 93
9 49
9 61
9 79
10 22
10 30
10 60
10 62
10 65
10 66
10 73
10 95
11 17
11 35
11 45
11 92
11 97
12 17
12 29
12 40
13 22
13 23
13 62
13 67
13 86
14 34
14 56
14 84
14 91
15 19
15 47
15 80
15 89
16 31
16 33
16 39
16 46
16 77
16 81
16 88
16 98
17 45
18 29
18 40
19 23
19 47
19 70
19 80
19 96
20 71
20 80
20 83
21 24
21 26
21 55
21 69
22 30
22 34
22 56
22 62
22 66
22 67
22 86
23 70
23 82
23 96
24 26
24 55
24 63
24 69
24 78
25 48
26 55
26 63
26 69
27 30
27 36
27 38
27 50
27 53
27 58
27 59
27 62
27 82
28 61
28 90
29 40
30 36
30 59
30 60
30 62
30 66
30 73
30 95
31 33
31 46
31 77
31 81
31 88
31 98
32 48
32 74
33 36
33 38
33 39
33 46
33 50
33 77
33 81
33 87
33 88
33 98
34 56
34 64
34 66
34 67
34 84
34 86
35 45
35 54
35 75
35 92
36 38
36 59
36 60
36 73
36 95
37 41
37 57
37 79
38 39
38 46
38 50
38 53
38 59
38 77
38 87
39 46
39 50
39 53
39 77
39 87
39 98
41 57
41 63
41 99
42 72
42 85
42 94
42 97
43 85
44 54
44 75
44 89
45 75
45 92
46 50
46 77
46 81
46 87
46 98
47 80
47 89
47 93
48 74
49 61
49 93
50 53
50 59
50 87
51 53
51 58
51 70
51 82
52 68
53 58
53 82
53 87
54 75
54 92
55 69
56 67
56 86
57 63
57 99
58 70
58 82
59 60
59 62
59 73
60 73
60 95
61 89
61 93
62 66
62 67
63 76
63 99
64 84
64 91
65 66
65 95
66 67
67 86
68 88
69 78
70 82
70 96
71 72
71 75
71 80
71 83
71 92
72 83
72 94
72 97
73 95
75 92
76 78
76 90
77 81
77 87
77 88
77 98
78 90
79 90
80 83
81 88
81 98
82 96
84 91
85 97
88 98
89 93
94 97
