0 20
0 53
0 87
1 3
1 5
1 17
1 19
1 26
1 41
1 42
1 48
1 63
1 80
1 96
2 22
2 31
2 33
2 36
2 66
2 71
2 77
2 90
3 5
3 17
3 26
3 41
3 48
3 55
3 63
3 78
3 80
3 85
3 96
4 18
4 21
4 37
4 73
4 93
5 17
5 26
5 63
5 78
5 80
5 85
6 19
6 41
6 43
6 60
6 64
6 91
7 43
7 47
7 56
7 99
8 40
8 54
8 55
8 92
8 97
9 10
9 37
10 11
10 25
10 37
10 46
10 72
10 83
11 13
11 16
11 25
11 46
11 61
11 72
11 83
11 95
12 23
12 59
12 80
12 82
13 16
13 25
13 46
13 61
13 72
13 83
13 88
13 89
13 95
14 47
14 58
14 99
15 32
15 45
15 49
15 62
16 28
16 46
16 61
16 83
16 88
17 19
17 26
17 40
17 41
17 42
17 48
17 55
17 63
17 78
17 96
17 97
18 21
18 52
18 73
18 93
19 41
19 42
19 48
19 60
19 64
19 91
19 96
20 39
20 53
20 87
21 52
21 73
21 93
22 30
22 36
22 44
22 68
22 71
23 79
23 80
23 82
24 25
24 37
24 51
24 65
24 72
24 75
24 76
25 37
25 46
25 51
25 65
25 72
25 83
26 48
26 55
26 63
26 78
26 80
26 85
26 96
27 28
27 88
27 89
28 61
28 88
28 89
29 41
29 52
29 60
29 79
29 86
29 91
30 44
30 68
31 66
31 67
31 71
31 90
31 98
32 45
32 49
32 70
33 36
33 43
33 66
33 71
33 77
33 90
34 38
34 57
34 73
34 74
34 81
34 93
34 94
35 54
35 67
35 98
36 43
36 44
36 71
36 77
36 90
37 65
37 72
38 57
38 73
38 93
39 53
39 87
40 42
40 48
40 55
40 66
40 78
40 92
40 96
40 97
41 42
41 48
41 60
41 64
41 91
41 96
42 48
42 55
42 66
42 92
42 96
42 97
43 47
43 64
43 99
44 68
44 71
45 49
45 62
46 61
46 72
46 83
47 56
47 58
47 99
48 55
48 63
48 78
48 96
48 97
50 68
51 65
51 75
51 76
51 95
52 79
52 86
52 91
53 56
53 70
53 87
54 92
55 63
55 78
55 92
55 96
55 97
56 99
57 73
57 74
57 81
57 93
57 94
58 99
59 82
60 64
60 86
60 91
61 83
61 88
61 89
63 78
63 80
63 85
63 96
65 75
66 77
66 90
66 98
67 98
69 84
70 87
71 77
72 83
73 81
73 93
73 94
74 81
74 84
74 94
75 76
76 95
77 90
78 85
78 92
78 96
78 97
79 86
79 91
80 82
80 85
81 84
81 93
81 94
84 94
86 91
88 89
90 98
92 97
93 94
96 97
