0 13
0 15
0 24
0 48
0 51
0 60
1 90
2 5
2 25
2 36
2 62
2 67
2 85
3 17
3 44
3 52
3 56
3 66
3 80
3 81
3 97
4 32
4 33
4 45
4 58
4 89
4 96
5 25
5 30
5 57
5 67
5 85
6 21
6 93
7 13
7 24
7 51
7 61
8 42
8 43
8 52
8 86
9 27
9 84
9 88
9 95
10 14
10 23
10 61
10 64
10 71
10 92
11 25
11 30
11 38
11 59
11 70
11 77
11 82
12 16
12 40
12 72
12 73
13 24
13 48
13 51
13 60
13 61
14 23
14 54
14 64
14 92
15 20
15 21
15 29
15 37
15 48
15 60
15 79
16 18
16 41
16 73
16 93
16 99
17 28
17 34
17 35
17 36
17 44
17 50
17 56
17 81
17 82
17 97
18 41
18 73
18 93
18 99
19 31
19 53
19 54
19 55
19 75
19 94
20 21
20 29
20 39
21 29
21 37
21 79
22 39
22 45
22 65
23 64
23 92
24 48
24 51
25 30
25 36
25 38
25 62
25 77
25 82
25 85
26 31
26 55
26 67
26 75
26 84
27 28
27 36
27 50
27 62
27 69
27 83
27 95
28 34
28 36
28 50
28 62
28 69
28 85
28 95
29 39
29 90
30 38
30 57
30 59
30 70
30 77
30 85
31 53
31 55
31 75
31 84
32 58
32 68
32 89
32 96
34 35
34 36
34 50
34 56
34 62
34 78
34 81
34 82
34 83
35 52
35 66
35 69
35 74
35 78
35 83
36 50
36 62
36 85
36 95
37 79
37 88
38 56
38 77
38 82
38 97
39 65
40 65
40 72
40 91
40 98
41 73
41 93
41 99
42 43
42 63
42 86
43 52
43 63
43 66
43 74
43 86
44 56
44 80
44 81
44 82
44 97
45 49
45 65
47 76
48 60
49 58
49 68
49 87
49 98
50 62
50 69
50 85
50 95
52 66
52 78
52 80
52 81
53 55
53 75
53 84
53 88
53 94
54 55
54 92
54 94
55 75
55 94
56 80
56 81
56 82
56 97
57 59
57 70
58 68
58 89
58 96
59 70
59 77
61 64
62 85
62 95
63 66
63 73
63 74
63 86
64 92
65 98
66 74
66 78
66 81
66 83
68 87
68 89
68 96
69 78
69 83
69 95
70 77
71 94
72 91
73 93
73 99
74 78
74 83
74 99
75 84
77 82
77 85
78 83
79 88
80 81
80 97
81 82
81 97
82 97
83 95
87 98
89 96
91 98
93 99
