0 42
0 69
1 6
1 29
1 47
1 49
1 52
1 84
1 99
2 13
2 21
2 31
2 37
2 81
2 96
3 5
3 15
3 19
3 46
3 94
4 76
5 17
5 19
5 26
5 32
5 46
5 53
5 59
5 79
5 82
5 87
6 29
6 45
6 47
6 49
6 99
7 8
7 48
7 50
8 37
8 48
8 50
9 17
9 26
9 33
9 56
9 59
9 65
9 79
9 82
9 88
9 98
10 30
10 31
10 33
10 56
10 65
10 80
10 81
10 88
10 98
11 27
11 54
11 66
11 72
11 75
11 83
11 89
12 16
12 52
12 60
12 71
12 77
13 21
13 55
13 81
13 96
14 67
14 78
15 46
15 94
15 95
16 43
16 63
16 68
16 71
16 77
16 86
17 19
17 26
17 32
17 59
17 79
17 82
18 23
18 40
19 46
19 58
19 82
19 85
19 91
19 94
20 22
20 39
20 51
20 55
20 70
20 73
20 92
20 93
20 96
22 39
22 70
22 73
22 78
22 92
23 40
23 61
23 64
24 28
24 41
24 62
25 28
25 41
25 57
25 74
25 90
26 32
26 33
26 53
26 59
26 79
26 80
26 87
26 93
26 98
27 42
27 54
27 66
27 72
27 75
27 83
27 89
28 41
28 74
29 47
29 49
29 54
29 75
29 84
29 99
30 31
30 33
30 51
30 55
30 65
30 80
30 81
30 88
30 92
30 93
30 96
30 98
31 33
31 56
31 65
31 80
31 81
31 88
32 46
32 53
32 59
32 79
32 87
33 51
33 59
33 65
33 80
33 81
33 88
33 93
33 98
34 62
34 90
35 60
36 43
36 44
36 58
36 68
36 85
37 48
38 44
38 95
39 51
39 55
39 70
39 73
39 92
39 96
40 45
40 61
40 64
41 74
42 54
42 72
42 89
43 63
43 68
43 85
43 86
43 91
45 47
45 49
45 61
45 64
45 99
46 94
47 49
47 99
49 84
49 99
50 57
51 55
51 70
51 73
51 80
51 92
51 93
51 96
52 60
52 71
52 77
52 84
53 59
53 67
53 79
53 80
53 87
53 93
53 98
54 72
54 75
54 83
54 89
55 70
55 92
55 96
56 65
56 69
56 81
56 88
56 97
58 85
58 91
59 79
59 80
59 82
59 98
60 77
61 64
62 90
63 68
63 71
63 86
65 80
65 81
65 88
66 72
66 75
66 83
67 78
67 87
68 71
68 86
69 97
70 73
70 92
70 93
70 96
71 77
71 86
72 75
72 83
72 89
73 78
73 92
75 83
75 89
78 92
79 82
79 98
80 81
80 88
80 92
80 93
80 98
81 88
82 85
82 91
83 89
85 91
88 98
92 93
93 98
