0 11
0 67
0 75
0 91
1 17
1 20
1 50
1 55
1 64
1 97
1 99
2 39
2 62
3 8
3 22
3 31
3 59
3 65
3 71
4 27
4 31
4 48
4 51
4 52
4 65
5 14
5 23
5 25
5 28
5 58
5 77
5 78
5 80
5 82
6 14
6 25
6 53
6 58
6 80
6 85
6 98
7 11
7 17
7 29
7 50
7 54
7 72
7 99
8 22
8 27
8 31
8 65
8 71
9 19
9 21
9 22
9 32
9 56
9 59
9 68
9 90
9 96
10 37
10 47
10 52
10 57
10 78
10 83
10 92
10 93
11 54
11 67
11 75
11 91
11 97
11 99
12 18
12 40
12 66
12 74
13 31
13 40
13 43
13 48
13 71
13 73
14 25
14 58
14 80
14 82
14 85
15 26
15 35
15 41
15 68
15 72
16 36
16 39
17 20
17 26
17 41
17 50
17 54
17 55
17 72
17 99
18 66
19 29
19 32
19 54
19 59
19 72
20 50
20 55
21 56
21 68
21 79
21 90
21 96
22 90
22 96
23 25
23 51
23 69
23 77
23 78
24 28
24 70
24 95
25 51
25 58
25 77
25 78
25 80
25 82
26 41
26 50
26 72
27 31
27 52
27 65
28 70
28 78
28 82
28 87
29 32
29 54
29 59
29 72
30 46
30 60
30 63
30 84
31 43
31 48
31 65
31 71
32 59
32 72
33 86
33 88
34 36
34 39
34 62
34 94
35 41
35 56
35 68
35 79
36 39
36 62
36 94
37 47
37 57
37 83
37 92
37 93
38 46
38 60
38 63
39 62
39 94
40 43
40 44
40 48
40 73
40 74
40 76
41 68
41 72
42 43
42 48
42 51
42 69
42 74
43 48
43 73
43 74
44 73
44 76
44 91
45 49
46 60
46 63
47 57
47 77
47 78
47 83
47 87
47 93
48 73
48 74
49 89
50 54
50 55
50 72
50 99
51 69
52 65
52 92
53 85
53 98
54 72
54 99
55 64
55 97
55 99
56 68
56 79
56 90
57 78
57 83
57 87
57 93
58 77
58 80
58 82
58 85
59 71
60 63
61 86
61 88
61 95
64 97
64 99
65 71
65 92
67 75
67 91
67 97
68 79
68 90
70 87
70 88
70 95
73 76
74 81
75 91
76 91
77 78
77 80
77 82
78 82
78 83
78 87
80 82
81 84
83 87
83 93
84 98
85 98
86 88
86 95
87 88
87 93
88 95
90 96
97 99
