0 28
0 39
0 67
0 89
0 98
1 13
1 16
1 19
1 37
1 38
1 50
2 68
2 95
3 18
3 31
3 33
3 54
3 57
4 6
4 11
4 18
4 31
4 33
4 54
4 61
4 86
4 88
4 99
5 15
5 16
5 27
5 37
5 50
5 59
5 69
5 78
5 79
5 95
6 18
6 31
6 54
6 61
7 9
7 12
7 51
7 60
7 75
7 76
7 77
7 80
8 35
8 36
8 40
8 56
8 74
8 83
8 92
9 12
9 51
9 60
9 75
9 76
9 77
9 80
9 92
10 15
10 16
10 50
10 70
10 73
10 78
10 79
11 33
11 86
11 88
11 89
11 99
12 41
12 51
12 52
12 75
12 76
12 80
13 19
13 37
13 38
13 45
14 35
14 36
14 48
14 49
14 56
14 62
15 16
15 50
15 59
15 78
15 79
16 50
16 59
16 78
16 79
17 24
17 29
17 44
17 81
18 31
18 33
18 54
18 61
18 86
19 32
19 38
19 50
20 26
20 35
20 48
20 85
20 87
20 97
22 32
22 42
22 64
23 30
23 37
23 55
23 95
24 29
24 40
24 44
24 46
24 81
25 93
26 83
26 85
26 87
26 97
27 59
27 62
27 69
27 79
28 57
28 71
28 89
28 98
29 34
29 40
29 44
29 46
29 47
29 81
29 83
30 37
30 55
30 95
31 54
31 61
31 86
32 42
32 90
33 54
33 57
33 86
33 88
33 89
34 43
34 44
34 47
34 58
34 63
34 96
35 36
35 48
35 49
35 56
35 62
35 87
35 92
36 48
36 49
36 56
36 62
36 92
37 38
37 50
37 55
37 95
38 45
38 55
39 65
39 72
39 97
40 46
40 74
40 81
40 83
41 51
41 52
41 76
41 80
42 94
43 44
43 47
43 58
43 63
43 96
44 47
44 58
44 63
45 53
45 55
45 64
46 74
46 81
46 82
46 83
47 58
47 63
47 96
48 56
48 73
48 87
49 56
49 60
49 62
49 75
49 77
49 92
50 59
50 78
50 79
51 60
51 75
51 76
51 77
51 80
52 76
53 64
54 57
54 61
56 62
56 92
57 71
58 63
58 96
59 69
59 78
59 79
59 95
60 75
60 77
60 80
60 92
62 75
62 77
62 92
63 67
63 96
65 66
65 72
65 89
66 72
67 96
67 98
69 79
70 73
70 78
71 98
73 78
74 83
75 76
75 77
75 80
75 92
76 80
77 80
77 92
78 79
83 85
84 90
84 91
85 87
85 97
86 88
86 99
87 97
88 89
88 99
89 98
90 91
90 94
91 94
