0 34
0 48
0 63
0 80
1 41
1 54
1 58
1 76
1 92
2 12
2 47
2 59
2 75
2 77
2 94
3 29
3 83
3 85
4 11
4 60
4 66
5 14
5 16
5 19
5 27
6 36
6 51
6 56
6 68
6 79
6 90
7 25
7 37
7 54
8 18
8 25
8 37
8 46
8 49
8 91
9 22
9 25
9 46
9 61
9 81
9 97
10 14
10 21
10 27
10 32
10 44
10 51
10 56
10 79
10 86
10 88
10 90
10 98
11 60
11 66
12 43
12 59
12 94
13 20
13 34
13 57
14 16
14 21
14 27
14 62
14 86
14 98
15 24
15 26
15 39
15 44
15 87
16 19
16 27
17 61
17 75
17 77
17 89
17 94
17 95
18 40
18 46
18 49
18 91
19 35
19 40
19 93
21 27
21 32
21 42
21 62
21 86
21 88
21 98
22 41
22 54
22 58
22 61
22 89
22 95
23 92
24 26
24 44
24 53
24 65
25 37
25 46
25 49
26 39
26 82
26 87
27 32
27 51
27 56
27 79
27 98
28 31
28 47
28 50
28 55
28 64
28 66
28 69
28 77
28 96
29 30
29 45
29 73
29 83
29 85
30 33
30 45
30 72
30 83
31 50
31 55
31 64
31 66
31 69
31 96
32 44
32 51
32 56
32 79
32 86
32 88
32 90
32 98
33 72
34 48
34 53
34 65
35 40
35 91
35 93
36 51
36 56
36 79
36 90
36 93
37 46
38 52
38 67
38 71
38 73
38 74
38 84
38 85
38 99
39 57
39 82
39 87
40 91
41 54
41 58
41 92
41 95
42 62
42 86
42 88
42 98
43 53
43 68
44 79
44 86
44 88
45 72
45 83
46 49
46 91
47 59
47 70
47 75
47 77
47 96
48 63
48 80
49 91
50 52
50 55
50 64
50 67
50 69
50 70
50 74
51 56
51 79
51 90
51 93
52 67
52 70
52 71
52 73
52 74
52 84
52 99
53 65
54 58
54 76
54 95
55 64
55 66
55 69
55 96
56 79
56 90
56 93
57 87
58 76
58 92
58 95
59 70
59 75
59 77
59 96
61 81
61 89
61 94
61 97
62 86
62 88
62 98
63 78
63 80
64 66
64 69
64 96
66 69
66 96
67 70
67 71
67 73
67 74
67 84
67 99
68 94
69 96
70 71
70 74
70 84
70 99
71 73
71 74
71 84
71 99
72 78
73 74
73 84
73 85
73 99
74 84
74 99
75 77
75 89
75 96
77 96
79 88
79 90
81 93
81 97
84 99
86 88
86 98
88 98
89 94
89 95
90 93
92 95
93 97
