0 12
0 27
0 58
1 11
1 18
1 38
1 45
1 48
1 49
1 82
1 95
2 34
2 35
3 15
3 76
3 83
3 87
3 94
4 16
4 30
4 37
4 52
4 60
4 61
4 70
5 13
5 40
5 79
6 20
6 32
6 80
6 85
6 92
7 17
7 23
7 24
7 63
7 69
7 71
7 78
7 93
7 96
8 16
8 70
8 92
9 47
9 51
9 57
10 24
10 31
10 59
10 69
10 71
11 18
11 38
11 45
11 55
11 76
11 90
11 95
12 20
12 21
12 98
13 79
14 25
14 48
14 49
14 53
14 82
15 55
15 76
15 83
15 87
16 30
16 37
16 61
16 70
17 23
17 63
17 69
17 78
17 96
18 38
18 45
18 48
18 49
18 82
18 95
19 43
19 44
19 74
19 89
19 99
20 32
20 80
20 98
21 33
21 41
21 54
21 62
21 88
21 98
22 39
22 55
22 56
22 66
22 67
22 72
22 73
22 84
22 90
23 24
23 56
23 63
23 71
23 78
23 93
23 96
24 56
24 59
24 69
24 71
24 93
24 97
25 48
25 49
25 53
25 82
26 28
26 29
26 40
26 77
26 91
27 58
27 73
28 34
28 40
28 77
28 79
28 91
29 77
30 37
30 52
30 60
30 61
30 70
31 36
31 64
31 75
31 97
32 61
32 85
32 92
33 41
33 54
33 62
33 88
33 98
34 35
34 79
35 47
35 50
35 57
36 39
36 56
36 64
36 66
36 72
36 75
36 81
36 97
37 42
37 61
37 70
37 86
38 45
38 82
38 95
39 56
39 64
39 66
39 67
39 72
39 75
39 81
39 97
40 79
41 62
41 88
42 50
42 61
42 86
43 44
43 65
43 74
43 89
43 99
44 74
44 89
44 99
45 48
45 49
45 82
45 95
46 65
46 74
46 89
47 50
47 57
48 49
48 53
48 67
48 82
49 67
49 82
49 90
50 57
50 86
50 94
51 68
52 60
53 64
53 81
54 62
54 88
54 98
55 67
55 76
55 83
55 84
55 90
56 66
56 71
56 72
56 73
56 84
56 93
56 97
58 73
58 84
59 69
59 71
61 70
61 85
62 88
62 98
63 78
63 93
63 96
64 75
64 81
64 97
65 74
65 89
66 72
66 75
66 81
66 93
66 97
67 72
67 81
67 84
67 90
69 71
69 78
71 78
71 93
72 73
72 81
72 84
72 90
72 97
73 84
73 93
74 89
74 99
75 81
75 97
76 83
76 87
76 90
76 95
77 91
78 96
80 92
80 98
81 97
83 87
84 90
87 94
88 98
89 99
93 97
