0 1
0 12
0 32
0 43
0 79
0 84
1 12
1 20
1 43
1 50
1 79
1 84
2 17
2 24
2 47
2 54
2 71
2 78
2 95
3 16
3 25
3 29
3 35
3 44
3 46
3 48
3 70
4 7
4 15
4 26
4 33
4 51
4 52
4 53
4 61
4 63
4 75
4 83
4 97
4 98
6 93
6 94
7 15
7 26
7 33
7 51
7 52
7 61
7 63
7 75
7 83
7 97
8 22
8 71
8 74
9 10
9 13
9 14
9 26
9 40
9 51
9 60
9 61
9 63
9 67
9 87
9 96
10 13
10 26
10 40
10 41
10 51
10 56
10 60
10 67
10 87
10 96
10 99
11 18
11 68
11 81
11 92
12 20
12 43
12 73
12 79
12 84
13 26
13 40
13 41
13 51
13 56
13 60
13 67
13 96
13 99
14 15
14 59
14 60
14 61
14 63
14 66
14 72
14 80
14 85
15 18
15 51
15 61
15 63
15 66
15 83
16 25
16 29
16 31
16 42
16 44
16 46
16 48
16 70
17 22
17 24
17 47
17 54
17 71
17 78
17 95
18 21
18 66
18 81
18 86
18 92
19 34
19 45
19 65
19 69
19 77
19 88
19 89
20 34
20 50
20 62
20 69
20 88
21 49
21 64
21 66
21 81
21 85
21 86
21 92
21 94
22 54
22 71
22 74
22 95
23 37
23 39
23 73
23 77
23 88
24 47
24 54
24 78
24 95
25 29
25 31
25 44
25 46
25 48
25 70
26 51
26 52
26 56
26 60
26 61
26 63
26 67
26 83
26 97
26 98
27 76
28 55
28 59
28 72
28 80
28 90
29 31
29 44
29 48
29 70
29 76
30 58
31 44
31 48
31 76
32 79
32 84
33 36
33 52
33 53
33 75
33 97
33 98
34 50
34 69
34 88
35 48
35 82
36 42
36 46
37 39
37 65
37 73
37 77
37 88
38 57
38 58
40 60
40 87
40 96
41 56
41 67
41 99
42 46
42 70
43 79
43 84
44 48
44 70
45 49
45 64
45 68
45 81
45 86
45 89
46 70
47 54
47 78
48 70
48 82
49 64
49 81
49 86
49 92
49 94
50 62
50 69
50 78
50 84
50 95
51 52
51 56
51 60
51 61
51 63
51 67
51 83
51 97
52 53
52 61
52 75
52 83
52 97
52 98
53 97
53 98
54 71
54 78
54 95
55 72
55 80
55 90
55 91
56 67
56 97
56 98
56 99
57 58
57 93
58 93
59 72
59 80
59 85
59 90
60 61
60 63
60 67
60 83
60 87
60 96
61 63
61 67
61 83
61 97
62 71
62 78
62 95
63 66
63 83
64 81
64 86
64 92
64 94
65 77
65 88
65 89
66 85
66 92
67 83
67 96
67 97
67 99
69 88
70 75
71 74
71 78
71 95
72 80
72 85
72 90
73 88
74 95
76 82
77 88
77 89
78 84
78 95
79 84
80 85
80 90
81 86
81 92
83 97
85 90
86 92
87 96
88 89
90 91
96 99
97 98
