0 8
0 10
0 37
0 41
0 64
0 65
0 71
0 72
0 77
0 95
0 97
1 21
1 28
2 13
2 34
2 53
3 4
3 6
3 19
3 52
3 62
3 63
3 90
4 6
4 38
4 52
4 63
4 66
4 81
4 90
5 6
5 38
5 43
5 90
5 93
6 19
6 52
6 63
6 90
7 8
7 32
7 72
7 82
8 10
8 21
8 32
8 37
8 58
8 64
8 65
8 71
8 72
8 77
8 85
8 95
8 97
9 35
9 50
9 51
9 73
10 21
10 32
10 37
10 58
10 65
10 71
10 85
10 95
10 97
11 36
11 44
11 86
12 61
12 76
12 87
12 93
12 96
13 31
13 34
13 53
14 45
14 46
14 57
14 78
14 80
14 83
15 25
15 26
15 27
15 37
15 74
15 79
15 88
16 18
16 34
16 47
16 82
17 48
17 49
17 55
17 68
17 98
17 99
18 22
18 34
18 47
18 82
19 52
19 60
19 62
19 90
20 24
20 75
20 76
20 86
20 87
20 93
21 58
21 65
21 71
21 85
21 97
23 39
23 59
23 67
23 84
23 89
23 91
24 43
24 76
24 93
25 26
25 27
25 88
26 27
26 74
26 79
26 88
27 56
27 88
29 42
29 50
29 59
29 73
29 78
29 80
29 89
30 40
31 53
31 67
31 84
31 91
32 58
32 65
32 69
32 72
32 85
32 97
33 36
34 47
34 53
35 42
35 50
35 73
35 80
36 40
37 64
37 65
37 71
37 74
37 77
37 79
37 95
37 97
38 61
38 63
38 66
38 81
38 93
39 51
39 67
39 91
41 54
41 64
41 77
41 95
41 99
42 50
42 51
42 59
42 73
42 78
42 80
42 89
43 93
44 75
44 86
45 46
45 57
45 83
46 57
46 83
47 82
48 68
48 82
48 98
48 99
49 54
49 55
49 94
49 96
49 98
49 99
50 73
50 78
50 80
52 62
52 63
52 90
54 56
54 94
54 96
54 98
54 99
55 68
55 92
55 98
56 88
57 78
57 80
58 65
58 69
58 71
58 85
58 97
59 78
59 89
60 62
60 70
60 83
61 76
61 87
61 93
62 70
62 83
62 90
63 66
63 81
63 90
64 65
64 71
64 77
64 95
65 71
65 72
65 77
65 85
65 95
65 97
66 81
66 92
67 84
67 91
68 98
68 99
69 85
71 79
71 85
71 95
71 97
72 77
72 82
72 95
73 78
73 80
74 79
74 88
75 76
75 86
76 86
76 87
76 93
77 95
78 80
78 89
79 88
81 92
84 91
85 97
87 93
92 98
94 96
95 97
98 99
