0 1
0 16
0 19
0 22
0 34
0 35
0 45
0 48
0 50
0 58
0 72
0 84
0 88
0 97
1 19
1 20
1 35
1 38
1 45
1 50
1 84
2 37
2 52
2 70
2 94
3 25
3 29
3 31
3 41
3 43
3 71
3 92
4 47
4 79
4 89
5 11
5 49
5 61
5 82
6 14
6 41
6 51
6 71
6 74
6 77
6 92
6 95
7 18
7 28
7 40
7 67
7 80
7 90
7 91
8 12
8 44
8 86
8 93
9 27
9 38
9 45
9 57
9 72
10 13
10 26
10 33
10 42
10 53
10 63
10 68
10 69
10 80
10 81
10 90
11 15
11 49
11 61
11 82
12 44
12 78
12 86
12 93
13 33
13 42
13 60
13 62
13 63
13 68
13 69
13 81
14 51
14 56
14 67
14 77
14 87
14 98
15 23
15 61
15 65
15 82
15 85
15 99
16 22
16 35
16 50
16 58
16 64
16 65
16 88
16 97
16 99
17 23
17 60
17 73
17 83
17 85
18 28
18 40
18 67
18 80
18 90
18 91
19 20
19 35
19 38
19 45
19 50
19 72
19 84
20 24
20 30
20 35
20 50
20 58
20 84
20 86
22 34
22 36
22 45
22 48
22 50
22 72
22 88
22 97
23 61
23 73
23 83
23 85
24 30
24 44
24 86
25 29
25 31
25 41
25 43
26 42
26 53
26 63
26 68
26 69
26 90
27 32
27 48
27 57
27 92
27 95
28 40
28 56
28 67
28 80
28 90
28 91
28 98
29 31
29 43
30 44
30 58
30 64
30 78
30 86
31 41
31 43
32 34
32 36
32 45
32 48
32 57
32 72
32 88
32 97
33 40
33 42
33 62
33 63
33 68
33 75
33 80
33 81
33 90
34 36
34 45
34 48
34 55
34 57
34 72
34 88
34 97
35 45
35 50
35 58
35 84
36 48
36 55
36 88
36 97
37 52
37 66
37 70
37 94
38 45
38 48
38 50
38 57
38 72
40 67
40 75
40 77
40 80
40 81
40 90
40 91
40 98
41 71
41 74
41 92
41 95
42 62
42 63
42 68
42 69
42 80
42 81
42 90
43 46
44 78
44 86
45 48
45 50
45 57
45 72
45 84
45 88
45 97
46 47
46 89
47 89
48 50
48 57
48 72
48 88
48 97
49 61
49 82
50 72
50 84
50 97
51 71
51 74
51 77
51 92
51 95
51 98
52 70
52 94
53 63
53 66
53 68
53 69
54 76
54 96
55 62
55 88
56 67
56 87
56 98
57 72
58 64
58 65
58 78
59 76
59 79
60 73
60 83
60 85
61 82
61 85
62 75
62 81
63 68
63 69
63 80
63 81
63 90
64 65
64 78
64 99
65 78
65 99
66 70
67 77
67 87
67 98
68 69
68 80
68 81
68 90
70 83
70 94
71 74
71 92
71 95
72 84
72 97
73 83
73 85
75 80
75 81
75 90
76 96
77 98
78 93
79 89
80 81
80 90
80 91
81 90
83 85
85 99
88 97
90 91
92 95
