0 9
0 10
0 17
0 76
0 79
0 81
1 36
1 50
1 78
1 82
1 83
1 84
2 6
2 19
2 26
2 40
2 85
2 90
2 94
2 99
3 4
3 64
3 65
3 87
3 88
4 27
4 39
4 47
4 64
4 70
4 87
5 28
5 43
5 59
5 62
5 63
6 15
6 19
6 23
6 26
6 40
6 85
6 90
6 94
6 99
7 20
7 23
7 40
7 46
7 66
7 85
8 58
8 68
8 92
8 97
9 10
9 17
9 79
9 88
10 17
10 60
10 79
10 81
11 14
11 31
11 32
12 35
12 57
12 63
12 76
13 16
13 41
13 71
13 73
13 80
13 86
14 31
14 69
14 77
15 23
15 33
15 54
16 41
16 47
16 64
16 71
16 73
16 80
17 76
17 81
18 22
18 97
19 26
19 40
19 85
19 90
19 94
19 99
20 25
20 46
20 51
20 52
20 66
20 67
20 75
21 32
21 44
21 45
21 72
21 82
21 84
21 96
22 61
22 93
22 95
22 97
23 26
23 40
23 46
23 54
23 85
23 90
24 39
24 53
24 62
24 70
24 91
25 30
25 42
25 46
25 51
25 54
25 67
25 75
26 40
26 85
26 90
26 94
27 39
27 43
27 62
27 70
27 87
28 59
28 91
29 38
29 41
29 73
29 80
29 86
29 92
30 42
30 49
30 54
30 67
30 98
31 32
31 50
31 82
31 89
32 44
32 82
32 84
32 89
34 48
34 49
34 98
35 43
35 57
35 63
35 76
36 50
36 78
36 83
37 42
37 55
37 77
38 41
38 64
38 65
38 86
39 47
39 53
39 62
39 64
39 70
39 87
40 66
40 85
40 90
40 94
41 64
41 71
41 73
41 80
41 86
42 49
42 54
42 67
42 98
43 53
43 62
43 70
44 45
44 72
44 82
44 84
44 96
45 72
45 82
45 84
45 96
46 51
46 66
46 67
46 75
47 64
47 71
47 73
47 80
47 87
48 49
48 98
49 98
50 60
50 83
50 84
51 52
51 67
51 75
53 62
53 70
53 91
54 67
54 98
57 59
57 63
58 61
58 68
58 74
58 92
58 93
58 97
59 63
60 78
60 79
60 81
60 83
61 74
61 92
61 93
61 95
61 97
62 70
62 91
64 65
64 71
64 73
64 80
64 86
64 87
65 87
65 88
66 85
67 75
68 74
68 92
68 93
68 97
69 77
70 91
71 73
71 80
72 82
72 84
72 96
73 80
73 86
74 92
74 93
74 95
74 97
76 78
76 81
78 81
78 83
80 86
81 83
82 84
85 90
85 94
90 94
90 99
92 93
92 97
93 95
93 97
94 99
95 97
95 99
