0 4
0 17
0 18
0 33
0 43
0 62
0 98
1 5
1 42
1 49
1 52
1 56
1 63
1 77
2 56
2 70
2 79
3 17
3 24
3 42
3 98
4 11
4 17
4 18
4 33
4 62
4 98
5 27
5 63
5 77
5 95
6 8
6 73
7 55
7 65
8 29
8 30
8 47
8 73
8 84
9 70
9 79
10 12
10 13
10 16
10 24
10 99
11 33
11 64
11 67
11 68
11 80
11 89
12 13
12 16
12 81
12 90
12 92
12 99
13 14
13 16
13 21
13 26
13 81
13 83
13 90
13 97
13 99
14 16
14 21
14 55
14 65
14 81
14 83
15 27
15 40
15 95
16 21
16 26
16 81
16 83
16 97
16 99
17 18
17 24
17 43
17 62
17 98
18 43
18 62
18 98
19 29
19 30
19 37
19 45
19 46
19 47
19 61
19 72
19 84
19 88
19 91
20 38
20 39
20 80
20 87
20 89
21 55
21 81
21 83
22 49
22 69
23 44
23 79
23 94
24 98
25 28
25 32
25 34
25 51
25 54
25 67
25 74
25 92
26 37
26 60
26 71
26 86
26 97
27 63
27 95
28 32
28 34
28 51
28 54
28 59
28 74
28 76
28 92
29 30
29 47
29 72
29 75
29 84
29 91
30 47
30 61
30 73
30 84
30 88
31 35
31 78
31 85
32 51
32 54
32 59
32 74
32 76
32 90
32 92
33 54
33 67
33 92
34 38
34 54
34 67
34 87
35 78
35 85
36 53
36 57
36 78
36 85
37 41
37 60
37 61
37 86
37 88
37 97
38 39
38 67
38 87
38 89
39 64
39 67
39 80
39 87
39 89
41 45
41 58
41 60
41 61
41 71
41 86
41 93
42 52
42 58
42 66
42 77
43 62
43 98
44 94
45 46
45 57
45 58
45 60
45 71
45 72
45 91
45 93
46 47
46 61
46 72
46 75
46 88
46 91
47 61
47 72
47 75
47 84
47 88
47 91
48 50
48 68
48 96
49 56
49 69
50 62
50 68
50 96
51 59
51 74
51 76
52 63
52 66
52 77
53 57
53 78
53 82
54 67
54 74
54 92
55 65
55 81
55 83
56 70
57 82
58 66
58 71
58 93
59 74
59 76
59 81
59 90
59 92
60 61
60 71
60 86
60 88
60 97
61 72
61 84
61 86
61 88
61 91
62 98
63 77
63 95
64 67
64 68
64 80
64 89
66 71
66 77
66 93
67 89
68 80
70 79
71 86
71 93
72 75
72 88
72 91
73 84
74 76
74 90
74 92
75 91
76 81
76 90
76 92
77 93
77 95
78 85
79 94
80 89
81 83
81 90
81 99
82 93
82 95
83 90
83 97
84 88
86 88
86 97
88 91
90 92
90 99
92 99
