0 8
0 20
0 37
0 45
0 49
0 69
0 73
0 81
0 89
1 8
1 17
1 37
1 42
2 5
2 11
2 13
2 16
2 38
2 91
3 6
3 11
3 13
3 15
3 16
3 32
3 52
3 78
3 85
3 92
3 97
4 28
4 31
4 33
4 54
4 55
4 63
4 65
4 90
5 13
5 16
5 38
5 91
5 99
6 11
6 15
6 78
6 85
6 92
6 97
7 21
7 64
7 86
7 96
8 17
8 20
8 37
8 69
8 73
9 39
9 58
9 80
9 83
9 93
9 95
10 26
10 36
10 40
10 46
10 68
10 72
10 79
10 98
11 13
11 15
11 16
11 32
11 39
11 52
11 78
11 85
11 92
12 18
12 25
12 41
12 47
12 59
12 60
12 77
13 15
13 16
13 32
13 38
13 52
13 85
13 91
13 92
14 22
14 24
14 43
14 70
15 23
15 39
15 78
15 85
16 32
16 38
16 52
16 85
16 92
17 42
18 41
18 47
18 48
18 50
18 59
18 60
18 77
19 57
19 61
19 76
19 88
20 37
20 45
20 49
20 69
20 73
20 81
20 89
21 64
21 86
21 89
21 96
22 43
22 56
23 39
23 58
24 43
24 70
25 56
26 68
26 74
26 79
27 51
27 53
27 62
27 71
28 29
28 31
28 33
28 44
28 54
28 55
28 63
28 65
28 67
28 90
29 44
29 54
29 55
29 74
30 35
30 53
31 33
31 54
31 63
31 65
31 67
31 90
32 38
32 52
32 75
32 85
32 92
32 97
33 54
33 55
33 63
33 65
33 90
34 66
34 97
35 53
36 40
36 46
36 55
36 68
36 72
36 79
36 84
36 98
37 45
37 49
37 69
37 73
37 81
38 52
38 99
39 58
39 83
40 46
40 68
40 72
40 79
40 84
40 87
40 94
40 98
41 47
41 59
41 60
41 77
42 59
43 70
44 67
44 90
45 49
45 69
45 73
45 81
45 89
46 72
46 79
46 84
46 87
46 94
46 98
47 59
47 60
47 77
48 50
48 53
49 65
49 69
49 73
49 81
50 53
51 53
51 62
51 71
52 75
52 92
54 55
54 63
54 65
54 79
54 90
55 63
55 65
55 74
55 79
55 90
57 76
57 88
58 80
58 83
58 93
59 60
59 77
60 77
60 99
61 76
61 86
61 88
62 71
63 65
63 90
64 86
64 87
64 89
64 96
66 78
66 92
66 97
67 90
68 72
68 79
68 98
69 73
69 81
69 89
72 79
72 84
72 87
72 94
72 98
73 81
73 89
75 92
76 80
76 88
76 95
77 99
78 85
78 92
78 97
79 98
80 83
80 93
80 95
81 89
82 83
82 93
83 93
83 95
84 87
84 94
84 98
85 92
85 97
86 88
86 89
86 96
87 94
87 98
89 96
91 99
92 97
93 95
94 98
