0 3
0 19
0 32
0 37
1 20
1 42
1 58
2 7
2 32
2 39
2 51
2 64
3 19
3 32
3 37
4 16
5 6
5 14
5 15
5 42
5 55
5 79
6 14
6 55
6 79
7 26
7 30
7 51
7 60
7 64
7 95
8 10
8 16
8 21
8 33
8 54
8 67
8 97
9 24
9 25
9 43
9 52
9 56
9 82
9 96
10 15
10 21
10 33
10 36
10 54
10 67
10 70
11 37
11 78
11 90
11 97
12 21
12 33
12 46
12 47
12 77
12 85
12 90
12 97
12 99
13 27
14 36
14 55
14 79
14 80
15 36
15 54
15 55
15 67
15 80
16 33
16 68
17 18
17 19
17 23
17 31
17 59
17 71
17 88
17 92
17 98
18 23
18 59
18 61
18 65
18 71
18 88
20 58
20 61
20 65
21 33
21 54
21 67
21 90
21 97
22 53
22 66
22 76
23 59
23 61
23 71
23 88
24 34
24 43
24 62
24 72
24 82
24 86
24 91
25 26
25 39
25 43
25 52
25 56
25 60
25 64
25 82
25 96
26 39
26 52
26 56
26 60
26 64
26 96
28 38
28 40
28 41
29 35
29 38
29 40
29 41
29 48
29 57
29 63
29 81
29 89
30 51
30 93
30 95
31 44
31 59
31 71
31 88
31 92
31 98
33 54
33 67
33 68
33 97
34 62
34 72
34 86
34 91
35 38
35 41
35 46
35 47
35 74
35 75
35 77
35 99
36 54
36 55
36 80
37 85
37 90
38 40
38 41
38 46
38 57
38 77
38 99
39 43
39 52
39 56
39 60
39 62
39 64
39 82
39 96
40 41
40 49
40 57
40 89
41 57
41 89
41 99
43 52
43 56
43 62
43 82
43 91
43 96
44 71
44 88
44 92
44 98
45 48
45 50
45 66
45 83
45 87
45 94
46 47
46 68
46 74
46 77
46 99
47 74
47 75
47 77
47 85
47 90
47 99
48 50
48 63
48 81
48 83
48 84
48 87
49 57
49 84
49 89
50 63
50 83
50 87
50 94
50 95
51 64
51 93
51 95
52 56
52 60
52 64
52 82
52 96
53 66
53 73
53 76
54 67
54 70
55 79
55 80
56 60
56 64
56 82
56 96
57 63
57 81
57 84
57 89
58 65
59 61
59 71
59 88
59 92
59 98
60 64
60 82
60 96
61 65
62 72
62 82
62 86
62 91
63 81
63 83
63 89
63 95
64 96
66 76
66 87
66 94
67 97
68 99
69 72
71 88
71 92
71 98
72 86
72 91
73 76
74 75
74 77
74 85
74 93
75 77
75 85
75 93
76 94
77 99
81 84
81 89
82 96
83 87
83 94
84 89
85 90
86 91
87 94
88 92
88 98
90 97
92 98
93 95
