0 2
0 31
0 44
0 49
0 70
0 92
1 58
1 80
1 81
1 88
1 91
2 31
3 8
3 22
3 34
3 50
3 54
3 60
4 30
4 32
4 44
4 51
4 53
4 67
4 76
5 28
5 37
5 73
5 77
5 81
5 88
5 91
6 14
6 20
6 33
6 71
6 84
6 94
6 95
6 99
7 27
7 52
7 68
7 83
8 26
8 54
8 60
8 62
8 96
9 25
9 47
9 69
9 90
10 16
10 26
10 38
10 62
11 14
11 17
11 19
11 45
11 71
11 74
11 95
11 97
11 99
12 22
12 35
12 50
12 78
13 15
14 17
14 19
14 45
14 71
14 89
14 94
14 99
16 26
16 38
16 57
16 62
17 19
17 40
17 45
17 71
17 74
17 89
17 99
18 43
18 56
18 57
18 58
18 59
18 61
19 45
19 71
19 74
19 89
19 95
19 97
19 99
20 33
20 79
20 84
20 85
20 86
20 95
21 29
21 46
21 70
21 76
21 92
21 98
22 34
22 50
22 60
23 25
23 47
23 82
24 48
24 78
25 47
25 69
25 90
26 38
26 54
26 57
26 62
26 96
27 52
27 68
27 83
28 37
28 73
28 77
28 81
28 88
28 91
29 46
29 70
29 76
29 92
29 98
30 32
30 53
30 62
32 41
32 44
32 51
32 53
32 67
33 79
33 84
33 85
33 86
33 94
33 95
33 99
34 50
34 60
34 69
34 90
35 48
35 78
36 40
36 75
36 82
37 39
37 81
37 88
37 91
38 57
38 62
38 96
40 75
40 82
40 89
41 51
41 67
41 83
41 93
42 52
42 63
42 68
42 72
43 55
43 56
43 57
43 59
43 61
43 66
44 49
44 51
44 53
44 67
44 70
44 76
45 71
45 89
45 99
46 49
46 70
46 76
46 92
46 98
47 69
47 90
48 64
48 78
49 51
49 67
49 70
49 76
49 92
50 60
51 67
51 83
52 63
52 68
52 72
52 79
53 67
53 70
53 76
54 60
54 62
54 96
55 56
55 61
55 65
55 66
56 59
56 61
56 66
57 59
57 61
58 59
58 80
58 81
58 88
59 61
61 66
62 96
63 68
63 72
64 65
64 87
65 66
65 87
66 87
67 70
68 72
68 79
68 86
69 90
70 76
70 92
71 74
71 94
71 95
71 99
72 79
72 84
73 77
73 88
73 98
74 85
74 95
74 97
74 99
75 82
75 89
76 92
77 98
79 84
79 86
80 81
80 88
80 91
81 88
81 91
83 86
85 86
85 95
85 97
88 91
94 95
94 99
95 97
95 99
97 99
