0 4
0 6
0 7
0 21
0 31
0 34
0 42
0 63
0 70
0 73
0 75
0 78
0 83
0 91
0 95
1 3
1 11
1 20
1 50
1 92
1 93
1 94
2 11
2 13
2 20
2 32
2 33
2 41
2 79
2 89
3 50
3 92
4 6
4 7
4 21
4 31
4 34
4 42
4 63
4 70
4 73
4 75
4 78
4 83
4 91
4 95
5 10
5 12
5 14
5 62
5 71
6 7
6 34
6 42
6 63
6 70
6 75
6 78
6 83
6 91
6 95
7 21
7 34
7 39
7 42
7 63
7 73
7 78
7 91
7 95
8 37
8 53
8 61
9 13
9 15
9 32
9 41
9 45
9 68
10 14
10 18
10 26
10 30
10 35
10 56
10 62
10 66
10 76
11 20
11 77
11 89
11 93
11 94
12 29
12 55
12 60
12 71
12 98
13 32
13 33
13 41
13 45
13 79
14 18
14 29
14 35
14 55
14 62
15 39
15 41
15 45
15 48
15 68
16 19
16 20
16 47
16 93
16 94
17 22
17 23
17 90
17 97
18 26
18 35
18 55
18 67
18 80
18 87
19 93
19 94
20 89
20 93
20 94
21 33
21 34
21 39
21 63
21 69
21 73
21 78
21 79
21 91
21 95
22 23
22 36
22 46
22 90
22 97
23 36
23 46
23 90
23 97
24 67
24 80
24 87
25 44
25 49
25 57
25 84
26 30
26 56
26 62
26 66
27 28
27 38
27 72
27 88
28 88
29 35
29 55
29 60
29 68
29 98
30 56
30 66
30 76
31 34
31 42
31 51
31 52
31 63
31 64
31 65
31 70
31 73
31 78
31 85
31 91
32 33
32 41
32 79
33 40
33 41
33 69
33 73
33 79
34 42
34 51
34 63
34 64
34 69
34 73
34 78
34 85
34 91
35 55
35 60
35 62
36 46
36 54
36 86
37 53
37 81
38 72
38 88
39 48
39 63
39 72
39 95
40 51
40 58
40 74
40 85
40 89
40 96
40 99
41 45
41 68
41 79
42 59
42 63
42 65
42 70
42 75
42 78
42 83
42 91
44 49
44 57
44 84
45 68
46 54
46 86
47 94
48 72
48 95
49 57
49 80
49 84
49 87
50 92
51 69
51 73
51 74
51 85
52 64
52 82
53 59
53 65
53 70
53 75
53 81
54 86
55 60
55 68
55 71
55 98
56 62
56 66
56 76
57 84
58 77
58 89
58 96
58 99
59 64
59 65
59 70
59 75
59 81
60 68
60 98
62 66
62 71
62 76
63 70
63 73
63 75
63 78
63 83
63 91
63 95
64 65
64 70
64 81
64 82
65 70
65 75
65 81
66 76
67 80
67 87
69 73
69 78
69 79
69 85
69 91
69 95
70 75
70 78
70 81
70 91
71 98
73 78
73 79
73 85
73 91
74 85
74 99
75 78
75 83
75 91
77 89
77 96
77 99
78 85
78 91
78 95
80 84
80 87
81 82
84 87
85 91
89 96
89 99
90 97
91 95
93 94
96 99
