0 20
0 25
0 33
0 71
0 90
1 34
1 49
1 78
1 82
1 85
2 9
2 12
2 14
2 20
2 25
2 47
2 48
2 52
2 60
2 61
2 76
2 89
3 5
3 10
3 57
3 58
3 59
3 79
3 80
3 91
3 94
3 97
4 28
4 31
4 46
4 56
4 90
5 10
5 11
5 18
5 19
5 58
5 59
5 79
5 85
5 91
5 94
6 29
6 30
7 45
7 64
8 39
8 50
8 67
8 96
9 15
9 47
9 52
9 60
9 61
10 11
10 18
10 19
10 54
10 59
10 79
10 94
11 18
11 19
11 32
11 54
11 62
11 94
12 13
12 14
12 20
12 25
12 52
12 60
12 76
12 89
12 93
13 14
13 52
13 89
13 93
13 98
14 25
14 48
14 52
14 60
14 76
14 89
14 93
15 23
15 42
15 54
15 61
17 27
17 29
17 87
17 95
18 19
18 32
18 54
18 59
18 79
18 94
19 54
19 94
20 25
20 33
20 47
20 52
20 60
20 71
20 76
21 65
21 77
21 93
21 98
22 30
22 87
23 36
23 42
23 61
23 66
24 41
24 68
24 81
24 84
25 33
25 52
25 60
25 71
25 76
25 89
26 48
26 54
26 62
26 74
27 29
27 95
28 33
28 46
28 56
28 90
29 95
30 87
31 40
31 56
31 66
31 69
31 88
32 54
32 62
32 74
33 47
33 60
33 90
34 78
34 82
35 38
35 41
35 57
35 63
35 70
35 72
35 83
36 42
36 55
36 66
36 69
37 44
37 53
37 55
38 63
38 70
38 80
38 83
39 50
39 67
39 96
40 51
40 69
40 88
41 63
41 68
41 70
41 83
42 61
42 66
43 44
43 73
43 75
43 81
43 84
43 86
43 92
43 99
44 53
44 55
44 68
44 73
44 75
44 81
44 84
44 92
45 50
45 64
45 67
46 56
46 90
47 60
47 61
47 76
48 52
48 93
49 58
49 59
49 78
49 82
49 85
49 91
50 64
50 67
50 96
51 69
51 73
51 88
51 92
52 60
52 76
52 89
52 93
53 55
54 62
57 63
57 72
57 79
57 83
58 59
58 79
58 80
58 85
58 91
58 94
58 97
59 79
59 85
59 91
59 94
59 97
60 76
60 89
62 74
63 70
63 72
63 83
64 67
64 97
65 77
65 98
66 69
67 96
68 81
68 84
69 88
70 83
72 83
73 75
73 81
73 92
74 87
75 81
75 92
76 89
76 93
77 98
78 82
78 85
78 91
79 80
79 91
79 94
80 91
80 97
81 84
81 92
82 85
84 92
85 91
85 94
85 97
86 99
89 93
91 94
91 97
93 98
