0 6
0 11
0 15
0 27
0 29
0 42
0 51
0 58
0 74
0 90
1 13
1 20
1 24
1 52
1 54
1 56
1 78
1 97
2 35
2 63
2 64
2 77
2 88
3 4
3 22
3 23
3 30
3 49
3 99
4 12
4 22
4 23
4 30
4 43
4 49
4 62
4 71
5 19
5 45
5 61
5 66
5 73
6 11
6 27
6 29
6 42
6 74
6 90
7 14
7 16
7 61
7 73
7 76
7 79
7 83
7 84
8 21
8 32
8 39
8 41
8 67
8 69
9 10
9 26
9 37
9 65
9 81
10 17
10 26
10 37
10 57
10 60
10 65
10 86
10 89
10 91
11 27
11 31
11 40
11 51
11 74
11 90
11 92
12 23
12 43
12 45
12 62
12 71
13 20
13 21
13 32
13 39
13 52
13 54
13 56
13 78
13 80
14 16
14 48
14 73
14 76
14 79
14 83
14 84
15 29
15 42
15 46
15 58
15 77
15 96
16 48
16 76
16 79
16 83
16 84
17 26
17 37
17 57
17 65
17 86
17 89
17 91
18 26
18 28
18 65
18 96
19 61
19 66
19 85
20 21
20 24
20 32
20 52
20 54
20 78
21 32
21 41
21 52
21 54
21 79
22 30
22 99
23 30
23 33
23 43
23 49
23 62
23 71
24 52
24 56
24 78
24 97
25 33
25 66
25 72
26 28
26 65
27 51
27 74
27 90
27 92
28 46
28 96
29 42
29 46
29 74
30 43
30 49
30 62
30 71
30 99
31 40
31 51
31 58
31 70
31 90
31 92
32 39
32 41
32 52
32 54
32 67
32 69
33 43
33 45
33 49
33 66
34 59
34 68
34 72
34 75
34 82
34 85
34 87
34 93
35 63
35 64
35 77
36 44
37 57
37 60
37 65
37 86
37 89
37 91
37 94
38 39
38 67
38 69
38 80
39 52
39 67
39 69
39 80
40 51
40 58
40 70
40 90
40 92
41 69
41 79
42 46
42 74
42 96
43 49
43 62
43 71
44 53
44 82
46 96
47 57
47 60
47 94
47 97
48 76
48 79
49 62
49 71
50 55
50 68
50 75
50 82
50 87
50 95
50 98
51 58
51 70
51 90
51 92
52 54
52 56
52 78
53 59
53 68
53 75
53 82
53 85
54 78
54 89
55 95
55 98
56 80
57 60
57 86
57 89
57 91
57 94
57 97
58 70
59 68
59 75
59 82
59 85
59 87
59 93
60 86
60 91
60 94
61 73
61 83
61 84
62 71
63 64
63 77
66 72
66 85
66 93
67 69
67 80
68 75
68 82
68 85
68 87
68 93
72 85
72 93
73 76
73 83
73 84
74 90
75 82
75 85
75 87
75 93
76 79
76 83
76 84
78 89
78 97
79 83
82 85
82 87
83 84
85 93
86 89
86 91
86 94
90 92
91 94
95 98
