0 10
0 14
0 41
0 67
0 76
0 92
1 22
1 28
1 40
1 58
1 66
1 90
1 93
2 4
2 7
2 23
2 56
2 79
2 89
3 9
3 40
3 42
3 55
3 70
4 7
4 15
4 31
4 36
4 75
4 77
4 79
4 83
4 89
5 26
5 44
6 17
6 25
6 37
6 52
6 62
6 74
6 91
7 75
7 77
7 79
7 83
7 89
8 20
8 34
8 43
8 73
9 42
9 46
9 70
10 14
10 41
10 67
10 76
10 92
11 24
11 52
11 62
12 48
12 65
12 84
13 20
13 27
13 34
13 43
13 57
13 73
14 21
14 41
14 51
14 67
14 76
14 91
15 36
15 83
15 89
16 48
16 61
16 63
16 65
16 72
16 84
17 25
17 35
17 39
18 29
18 49
18 53
18 69
18 88
19 33
19 81
19 82
19 86
19 99
20 27
20 34
20 43
20 57
20 73
21 37
21 51
21 63
21 76
22 28
22 58
22 66
22 90
22 93
23 56
23 79
24 35
24 52
24 62
24 85
24 87
25 39
25 74
25 93
26 44
26 47
27 32
27 34
27 43
27 57
27 73
27 94
28 30
28 31
28 39
28 58
28 59
28 66
28 90
28 93
28 98
29 50
29 53
29 54
29 60
29 78
29 88
29 95
30 31
30 39
30 56
30 58
30 66
30 75
30 77
30 98
31 36
31 56
31 59
31 66
31 75
31 77
31 83
31 89
31 98
32 35
32 57
32 85
32 87
32 94
33 64
33 81
33 82
33 86
33 99
34 43
34 57
34 73
34 94
35 52
35 85
35 87
36 59
36 75
36 77
36 83
36 89
36 98
37 51
37 74
38 45
38 59
39 58
39 66
39 98
40 42
40 55
40 90
41 67
41 76
41 92
42 55
42 70
43 73
43 94
44 47
44 96
45 59
45 64
45 80
46 71
47 96
48 63
48 65
48 72
48 84
49 69
49 88
50 53
50 60
50 71
50 78
51 63
51 67
51 76
52 62
52 87
53 60
53 69
53 78
53 88
53 95
54 95
54 97
55 70
56 75
56 77
56 79
56 98
57 87
57 94
58 66
58 90
58 93
58 98
59 66
59 98
60 71
60 78
60 88
61 67
61 72
61 92
62 91
63 65
63 67
63 72
64 80
64 81
64 82
65 84
66 75
66 77
66 93
66 98
67 76
69 88
72 84
74 90
74 93
75 77
75 83
75 89
75 98
76 91
77 83
77 89
77 98
79 89
80 96
81 82
81 99
82 86
82 99
83 89
85 87
85 94
86 99
87 94
90 93
