0 2
0 19
0 26
0 31
0 32
0 37
0 41
0 59
0 86
0 91
0 98
1 6
1 13
1 14
1 57
1 61
1 74
1 93
1 94
1 99
2 19
2 32
2 38
2 91
3 10
3 27
3 34
3 43
3 52
3 53
3 67
3 69
3 78
4 10
4 25
4 34
4 69
4 84
5 11
5 25
5 73
5 79
5 84
6 13
6 14
6 16
6 21
6 28
6 57
6 74
6 94
7 9
8 12
8 15
8 51
8 71
8 89
8 92
8 95
8 96
9 18
9 33
9 42
9 75
9 88
10 27
10 34
10 52
10 69
11 73
11 79
11 84
12 15
12 71
12 89
12 92
12 96
13 14
13 16
13 21
13 28
13 57
13 94
14 16
14 21
14 28
14 57
14 74
14 93
14 94
14 99
15 51
15 92
15 95
15 96
16 21
16 23
16 24
16 28
16 35
16 70
16 94
17 30
17 38
17 40
17 46
17 49
17 68
17 89
18 33
18 42
18 47
18 64
18 75
18 88
19 31
19 32
19 38
19 91
19 98
20 24
20 70
20 87
21 23
21 24
21 28
21 35
21 70
21 94
22 50
23 24
23 35
23 70
24 35
24 70
25 34
25 48
25 69
25 77
25 82
25 84
25 90
26 31
26 32
26 37
26 41
26 86
26 97
27 43
27 52
27 67
27 78
28 94
29 45
29 58
29 85
30 40
30 49
30 68
30 71
30 89
31 32
31 37
31 41
31 86
31 97
32 38
32 41
32 86
32 97
33 42
33 75
33 88
34 69
34 84
35 70
36 41
36 57
36 65
36 72
36 93
36 97
37 59
37 73
37 79
37 86
38 46
38 49
39 54
39 55
39 56
39 60
39 63
39 83
39 91
40 49
40 68
40 71
40 89
41 86
41 97
42 75
42 88
43 52
43 67
43 78
43 87
44 45
44 85
45 85
46 49
46 72
47 64
47 75
47 88
48 58
48 77
48 82
48 90
49 68
49 81
51 95
51 96
52 67
52 78
53 67
53 78
54 60
54 63
54 76
54 83
55 56
55 59
55 60
55 63
55 91
55 98
56 59
56 60
56 63
56 91
56 98
57 65
57 72
57 74
57 93
57 94
57 99
59 62
59 91
59 98
60 63
60 76
60 83
61 74
61 81
61 99
62 98
63 83
64 75
64 88
65 72
65 93
65 94
66 95
66 96
67 78
67 87
68 71
68 89
69 84
70 94
71 89
71 92
71 96
72 93
72 97
72 99
73 79
73 80
74 81
74 99
75 88
76 83
77 79
77 80
77 82
77 84
77 90
79 80
80 82
80 90
81 99
82 84
82 90
84 90
86 97
89 92
89 96
91 98
92 96
93 94
93 99
95 96
