0 26
0 27
0 28
0 30
0 60
0 69
0 79
1 2
1 19
1 24
1 34
1 65
1 68
1 73
1 83
1 88
2 24
2 34
2 59
2 65
2 68
2 73
2 74
2 88
3 4
3 29
3 42
3 48
3 71
3 72
3 89
3 91
4 31
4 48
4 65
4 89
4 91
5 7
5 22
5 33
5 41
5 46
5 75
5 77
6 14
6 36
6 53
6 64
6 82
6 86
6 96
6 98
7 22
7 33
7 41
7 46
7 70
7 75
8 38
8 52
8 58
8 90
8 97
9 16
9 20
9 26
9 47
9 50
9 84
10 47
10 50
10 87
10 94
11 12
11 40
11 80
11 85
12 21
12 40
12 80
12 85
13 20
13 45
13 47
13 50
13 55
13 56
14 36
14 54
14 82
14 98
15 62
15 76
15 78
16 20
16 66
16 84
17 21
17 85
17 92
17 99
18 28
18 62
18 69
18 76
19 63
19 68
19 81
19 83
19 90
20 45
20 47
20 50
20 55
21 80
21 85
21 92
21 99
22 33
22 41
22 46
22 70
22 75
23 35
23 39
23 67
23 78
24 34
24 59
24 65
24 73
24 74
24 88
25 42
25 43
25 61
25 67
25 95
26 27
26 30
26 60
26 69
26 94
27 28
27 30
27 60
27 69
27 79
28 30
28 69
29 42
29 71
29 72
30 60
30 79
31 48
31 65
31 91
32 38
32 44
32 57
32 97
33 41
33 46
33 75
33 77
34 59
34 68
34 73
34 74
34 88
35 39
35 67
35 78
36 53
36 54
36 64
36 82
36 96
36 98
37 40
37 44
38 52
38 57
38 58
38 97
39 67
40 44
41 46
41 75
41 77
42 43
42 61
42 71
42 72
42 89
42 95
43 61
43 89
43 95
44 57
45 47
45 50
45 55
45 56
45 72
46 75
46 77
47 50
47 55
47 94
48 65
48 71
48 89
48 91
49 51
49 52
49 58
49 63
49 90
50 55
50 94
51 56
52 58
52 90
52 97
53 64
53 84
53 86
53 96
53 98
54 82
55 56
57 97
58 90
58 97
59 65
59 73
59 74
59 88
60 69
61 89
61 95
62 76
62 78
62 87
63 83
64 93
64 96
64 98
65 74
65 91
66 84
68 81
68 83
71 72
71 89
71 91
73 74
73 88
74 88
75 77
75 96
76 78
76 87
77 79
77 93
78 87
79 93
80 85
80 92
80 99
81 83
81 90
82 96
82 98
85 92
85 99
86 98
87 94
89 91
89 95
92 99
96 98
