0 40
0 57
0 61
0 70
0 71
1 5
1 6
1 34
1 38
1 44
1 58
1 76
1 85
1 87
1 94
2 22
2 23
2 28
2 73
3 24
3 26
3 29
3 43
3 82
3 97
3 99
4 14
4 36
4 78
4 93
5 6
5 21
5 34
5 44
5 76
5 91
5 94
6 38
6 44
6 52
6 76
6 91
6 94
7 55
7 59
7 66
7 80
8 14
8 17
8 52
8 60
8 67
8 79
8 86
8 98
9 39
9 88
10 15
10 40
10 58
10 85
11 17
11 20
11 27
11 98
12 26
12 33
12 55
12 58
12 59
12 87
13 41
13 50
14 37
14 39
14 48
14 60
14 67
14 86
14 90
15 38
15 40
15 42
15 46
15 58
15 85
15 92
16 45
16 51
16 64
16 68
16 73
16 81
16 91
16 95
17 27
17 67
17 79
17 98
18 19
18 30
18 53
18 62
18 72
18 74
18 84
19 41
19 50
19 53
19 62
19 72
19 74
19 84
19 95
20 27
20 36
21 22
21 29
21 34
21 43
21 44
21 94
21 99
22 23
22 28
22 43
22 73
23 28
23 35
23 73
24 26
24 29
24 82
24 97
24 99
25 56
25 96
26 33
26 55
26 59
26 97
27 98
28 35
28 73
29 34
29 43
29 44
29 82
29 87
29 94
29 99
30 53
30 62
30 72
30 84
31 77
32 63
32 83
32 89
33 55
33 59
33 97
34 44
34 87
34 94
36 98
37 39
37 47
37 48
37 49
37 52
37 60
37 86
37 90
38 67
38 79
38 85
39 48
39 49
39 88
39 90
40 42
40 46
40 57
40 61
40 92
41 50
41 51
41 73
41 74
41 84
42 46
42 61
42 92
43 82
43 99
44 76
44 87
44 91
44 94
45 51
45 64
45 68
45 81
45 83
45 95
46 85
46 92
47 49
47 63
47 64
47 83
47 89
47 90
48 49
48 52
48 60
48 67
48 86
48 90
49 60
49 63
49 64
49 83
49 89
49 90
50 53
50 72
50 84
51 68
51 73
51 74
51 81
51 95
52 60
52 67
52 79
52 86
53 62
53 72
53 74
53 84
54 66
54 80
55 59
57 61
57 70
57 71
58 85
58 87
60 67
60 86
60 90
61 75
62 72
62 74
62 84
63 83
63 89
64 81
64 83
64 95
65 78
65 88
66 80
67 79
67 86
67 98
68 73
68 81
68 91
68 95
69 78
69 93
70 71
72 74
72 84
74 84
74 95
76 91
76 94
78 93
79 98
81 83
81 91
81 95
82 97
82 99
83 89
83 95
85 92
86 90
87 94
88 90
91 94
