0 14
0 19
0 39
0 46
0 51
0 67
0 74
0 81
0 86
0 97
1 11
1 35
1 63
2 22
2 29
2 50
2 59
2 60
2 77
2 85
2 87
2 96
3 30
3 40
3 57
3 69
4 5
4 20
4 25
4 38
4 47
4 49
4 53
4 58
4 61
4 73
4 76
4 84
4 98
5 8
5 24
5 25
5 26
5 28
5 32
5 36
5 38
5 49
5 58
5 80
5 84
5 89
5 98
6 15
6 30
6 34
6 43
6 66
6 90
7 12
7 21
7 25
7 38
7 61
7 95
8 24
8 26
8 28
8 32
8 65
8 78
8 80
8 84
8 89
8 98
9 19
9 42
9 45
9 46
9 51
9 56
9 67
9 75
9 81
10 42
10 75
11 35
11 63
11 91
12 21
12 23
12 72
12 95
13 37
13 68
13 82
14 52
14 74
15 34
15 43
15 66
15 90
16 31
16 34
16 66
16 90
16 91
17 39
17 46
17 47
17 70
17 86
17 97
18 22
19 39
19 42
19 45
19 46
19 51
19 56
19 67
19 74
19 81
19 88
19 97
20 53
20 61
20 64
20 73
21 61
21 64
21 95
22 59
22 60
22 77
22 96
23 33
23 41
23 44
23 72
23 79
24 26
24 28
24 32
24 48
24 80
24 84
24 89
24 93
24 98
25 36
25 38
25 49
25 58
25 61
25 84
25 98
26 28
26 32
26 48
26 78
26 80
26 89
26 93
26 98
27 29
27 50
27 55
27 83
27 87
27 92
28 32
28 48
28 49
28 58
28 70
28 76
28 84
28 89
28 98
29 32
29 50
29 55
29 59
29 77
29 78
29 80
29 85
29 87
29 92
30 40
30 43
30 57
30 69
31 34
31 66
31 90
31 91
32 78
32 80
32 85
32 89
33 41
33 44
33 72
33 79
34 66
34 90
34 91
35 63
36 38
36 58
36 65
36 80
36 84
36 98
37 82
37 94
38 58
38 61
38 65
38 84
39 45
39 46
39 51
39 67
39 74
39 81
39 86
39 97
40 57
40 69
40 71
41 44
41 72
41 79
42 51
42 56
42 75
42 81
43 54
43 69
43 93
44 72
44 79
45 46
45 51
45 56
45 67
45 81
45 88
45 97
46 51
46 67
46 74
46 81
46 86
46 97
47 49
47 53
47 58
47 73
47 76
48 70
48 93
49 53
49 58
49 76
49 84
49 98
50 55
50 83
50 85
50 87
50 92
51 56
51 67
51 81
51 88
51 97
53 58
53 61
53 73
53 76
54 93
55 78
55 83
55 87
55 92
56 67
56 75
56 81
56 88
57 69
58 61
58 76
58 84
58 98
59 60
59 77
59 85
59 87
59 96
60 77
60 85
60 87
60 96
61 64
61 73
61 95
64 73
64 95
64 99
65 80
65 84
66 90
66 91
67 74
67 81
67 86
67 88
67 97
68 82
69 71
72 79
74 86
76 98
77 85
77 87
77 96
78 80
78 85
78 87
78 89
80 84
80 89
81 88
81 97
82 94
83 92
84 98
85 87
86 97
87 92
88 97
89 93
89 98
90 91
