0 26
0 47
0 55
0 78
0 91
0 92
1 2
1 31
1 36
1 47
1 55
1 78
1 91
2 31
2 36
2 55
2 91
3 43
3 45
3 63
3 85
4 16
4 28
4 35
4 42
4 64
4 84
5 7
5 11
5 88
5 96
6 13
6 56
6 70
6 73
6 92
7 11
7 93
8 17
8 22
8 23
8 40
8 46
8 86
9 17
9 23
9 39
9 40
9 66
9 77
9 83
10 19
10 25
10 34
10 49
10 51
10 81
11 93
12 50
12 65
12 87
12 88
12 99
14 32
14 44
14 50
14 73
14 89
14 99
15 41
15 56
15 62
15 70
15 73
15 89
16 17
16 29
16 42
16 53
16 60
16 71
16 77
17 23
17 29
17 40
17 53
17 60
17 71
17 77
18 24
18 37
18 52
18 69
18 72
19 25
19 34
19 49
19 75
19 81
20 25
20 30
20 33
20 34
20 75
21 38
21 59
21 90
22 46
22 54
22 82
22 86
23 29
23 40
23 53
23 60
23 71
23 77
24 52
24 69
24 88
24 96
24 97
25 34
25 49
25 75
25 81
26 33
26 34
26 47
26 78
26 91
27 61
28 35
28 42
28 57
28 64
28 84
29 42
29 53
29 60
29 71
29 77
30 33
30 58
30 75
31 36
31 54
31 55
31 91
32 44
32 50
32 73
32 89
32 99
33 47
33 78
34 47
34 49
35 42
35 64
35 84
36 55
36 78
36 91
36 92
37 48
37 67
37 76
38 59
38 90
39 66
39 83
40 60
40 66
40 77
41 56
41 62
41 70
41 73
41 89
42 53
42 64
42 71
42 77
43 45
43 63
43 80
43 85
44 50
44 74
44 89
45 63
45 85
46 54
46 86
47 55
47 78
47 91
48 67
48 68
48 76
49 51
49 81
50 87
50 89
50 99
52 69
52 72
52 88
52 97
53 60
53 71
53 77
54 82
54 94
55 78
55 91
55 92
56 70
56 73
56 89
57 64
57 84
57 98
58 61
59 90
60 71
60 77
63 85
64 84
65 87
65 97
65 99
66 83
67 76
68 76
68 79
68 95
69 72
70 73
70 89
71 77
72 97
73 89
78 91
78 92
79 95
80 85
80 98
81 95
82 94
84 98
87 99
88 96
88 97
92 94
