0 14
0 37
0 47
0 50
0 61
0 65
0 68
0 99
1 12
1 15
1 22
1 26
1 46
1 95
1 97
2 45
2 48
2 54
2 67
2 71
2 91
2 93
2 98
3 34
3 39
3 52
3 55
3 72
3 86
3 94
4 5
4 11
4 35
4 43
4 46
4 57
4 76
4 96
5 11
5 35
5 43
5 57
5 76
5 96
6 40
6 87
7 10
7 29
7 36
7 62
8 21
8 42
8 51
8 59
8 79
8 89
9 19
9 30
9 33
9 51
9 59
9 64
9 73
9 79
9 83
9 85
9 89
10 29
10 36
11 35
11 46
11 57
11 75
11 96
12 15
12 22
12 24
12 25
12 26
12 69
12 78
12 88
12 92
12 97
13 84
14 37
14 47
14 65
14 68
14 90
14 99
15 22
15 25
15 26
15 95
15 97
16 27
16 50
16 61
16 63
16 65
17 39
17 41
17 56
17 77
17 94
18 78
18 88
19 59
19 64
19 70
19 85
20 90
21 42
21 46
21 51
21 59
21 75
22 70
22 92
22 95
22 97
23 34
23 36
23 52
24 25
24 69
24 78
24 82
24 92
24 97
25 26
25 69
25 78
25 88
25 92
25 97
26 49
26 80
26 95
26 97
27 61
27 63
28 31
28 44
28 60
28 67
28 91
29 62
30 33
30 73
30 83
30 85
31 44
31 60
31 67
31 91
32 40
32 66
32 84
33 51
33 59
33 79
33 83
33 85
33 89
34 52
34 55
34 72
35 46
35 57
35 75
37 47
37 50
37 65
37 68
37 90
37 99
38 45
38 48
38 61
38 71
38 81
38 93
39 41
39 55
39 56
39 58
39 72
39 77
39 86
39 94
40 66
40 87
41 56
41 77
41 82
41 94
42 46
42 51
43 95
43 96
44 54
44 60
44 67
44 91
45 48
45 54
45 71
45 81
45 93
46 57
46 75
46 96
47 50
47 65
47 68
47 90
47 99
48 54
48 71
48 81
48 93
48 98
49 53
49 80
49 95
50 65
51 59
51 79
51 83
51 89
52 55
52 58
52 72
52 73
53 80
54 60
54 67
54 71
54 91
54 93
55 72
55 86
55 94
56 58
56 64
56 77
56 85
57 75
57 76
57 96
58 73
58 85
59 79
59 83
59 89
60 67
60 91
61 65
61 81
64 70
64 77
64 85
65 99
67 91
67 98
68 89
68 90
68 99
69 70
69 82
69 92
69 97
70 97
71 81
71 93
71 98
72 86
72 94
73 85
74 78
74 80
74 88
77 85
78 88
78 92
79 83
79 89
80 88
80 95
81 93
82 92
83 89
86 94
90 99
91 98
92 97
93 98
95 97
