0 19
0 30
0 42
0 44
0 94
0 95
1 14
1 24
1 28
1 46
1 63
1 68
1 74
1 83
2 11
2 27
2 34
2 66
3 72
3 86
3 88
4 29
4 31
4 32
4 35
4 56
4 57
4 67
4 78
4 79
4 84
5 11
5 34
5 50
5 61
5 91
6 45
6 69
6 73
6 77
6 90
7 9
7 20
7 40
7 48
7 75
8 86
9 10
9 20
9 75
11 27
11 34
11 91
12 38
12 80
13 14
13 68
13 82
13 99
14 24
14 28
14 46
14 52
14 63
14 68
14 71
14 74
14 82
14 83
14 99
15 16
15 26
15 81
15 89
15 97
16 22
16 26
16 33
16 36
16 62
16 81
16 89
16 97
17 36
17 37
17 58
17 62
17 73
17 76
17 77
17 88
17 90
18 30
18 39
18 40
18 42
18 44
18 48
18 75
18 92
19 30
19 92
20 40
20 75
21 65
21 66
21 80
22 36
22 62
22 72
22 81
22 89
23 25
23 64
23 70
23 87
24 28
24 42
24 46
24 63
24 71
24 74
24 83
24 95
25 41
25 47
25 64
25 87
26 81
26 89
26 97
27 65
27 66
28 46
28 63
28 68
28 71
28 74
28 83
29 31
29 32
29 56
29 67
29 78
30 40
30 44
30 92
31 32
31 47
31 56
31 67
31 78
32 47
32 56
32 67
32 78
32 79
33 39
33 48
33 59
33 81
33 89
34 50
34 61
34 85
35 56
35 57
35 78
35 79
35 84
36 62
36 72
36 76
36 88
36 89
37 53
37 58
37 73
37 76
37 77
37 90
38 80
39 48
39 59
40 48
40 75
40 92
41 47
41 56
41 64
41 79
41 87
42 44
42 46
42 63
42 74
42 95
43 45
43 69
43 96
44 92
44 95
45 69
45 96
46 63
46 71
46 74
46 83
46 94
46 95
47 56
47 64
47 79
47 98
48 59
48 75
49 52
49 55
49 71
49 93
49 94
49 95
50 61
50 91
51 53
51 84
52 55
52 68
52 71
53 90
54 91
55 71
55 93
55 94
56 57
56 67
56 78
56 79
57 67
57 78
57 79
57 84
58 62
58 73
58 76
58 77
58 88
58 90
59 75
60 85
61 98
62 76
62 88
63 71
63 74
63 83
63 95
64 79
64 87
65 66
67 76
67 78
68 71
68 82
68 83
68 99
69 96
71 74
72 88
73 77
73 88
73 90
74 83
74 95
75 92
76 90
77 88
77 90
78 79
78 84
81 89
81 97
82 86
82 99
88 90
89 97
93 94
93 95
94 95
