0 25
0 62
0 88
0 99
1 13
1 16
1 20
1 23
1 76
1 83
2 16
2 21
2 84
2 89
2 98
3 15
3 29
3 39
3 44
3 45
3 61
3 94
4 10
4 37
4 38
4 49
4 55
4 65
4 74
4 79
4 91
5 30
5 33
5 60
5 85
6 7
6 17
6 18
6 22
6 52
6 53
6 63
6 64
6 72
6 92
7 18
7 19
7 22
7 53
7 63
7 66
7 69
7 72
7 92
8 16
8 21
8 34
8 86
8 93
9 28
9 62
10 17
10 37
10 48
10 49
10 55
10 64
10 72
10 79
10 91
11 97
12 26
12 80
12 95
13 16
13 20
13 76
13 83
14 31
14 68
14 71
14 82
15 29
15 39
15 45
15 61
15 70
15 90
15 94
16 20
16 21
16 23
16 83
16 86
17 18
17 48
17 53
17 64
17 92
18 52
18 53
18 63
18 64
18 92
19 66
19 69
19 72
19 92
20 23
20 83
21 98
22 53
22 63
22 92
23 83
24 28
24 35
24 43
24 57
24 65
24 71
24 73
25 28
25 40
25 62
26 95
27 42
27 46
27 75
27 88
27 93
27 96
27 99
28 35
28 40
28 43
28 50
28 57
28 62
28 73
29 39
29 45
29 61
29 70
29 90
29 94
30 33
30 70
30 77
30 81
31 68
31 71
32 36
32 51
32 58
32 82
33 60
34 40
34 50
34 86
35 43
35 50
35 57
35 65
35 73
36 38
36 51
36 58
36 74
36 82
37 48
37 49
37 55
37 64
37 72
37 79
37 91
38 49
38 51
38 55
38 65
38 74
38 82
38 91
39 45
39 61
39 90
39 94
40 50
40 57
40 86
41 45
41 54
41 56
42 46
42 75
42 88
42 93
43 50
43 57
43 65
43 73
44 59
44 87
45 54
45 56
45 61
45 94
46 75
46 88
46 93
46 96
47 60
47 67
47 78
47 85
48 49
48 64
48 79
49 55
49 65
49 79
49 91
50 57
50 73
51 58
51 74
51 82
52 63
53 63
53 64
53 72
53 92
54 56
55 72
55 79
55 91
57 73
57 76
58 82
59 87
60 67
60 78
60 85
61 70
61 77
61 90
61 94
63 92
64 72
64 92
65 71
65 73
65 79
65 91
66 69
66 72
66 92
67 85
68 71
69 72
69 92
70 77
70 81
70 90
70 94
72 92
74 82
74 91
75 93
76 83
77 78
77 81
77 84
77 89
77 90
78 81
78 84
78 85
78 89
79 91
80 95
81 84
81 89
81 90
84 89
86 93
88 96
88 99
90 94
96 99
