0 12
0 13
0 18
0 31
0 42
0 67
0 79
0 84
0 86
0 88
0 99
1 11
1 25
1 34
1 85
2 15
2 51
2 53
2 77
2 87
2 89
2 91
3 17
3 27
3 28
3 33
3 35
3 36
3 39
3 62
3 68
4 22
4 30
4 55
4 75
5 8
5 9
5 19
5 26
5 32
5 50
5 58
5 71
5 80
5 97
5 98
6 47
7 11
7 85
8 16
8 32
8 37
8 50
8 58
8 65
8 80
8 97
9 19
9 26
9 71
9 97
10 30
10 40
10 55
10 66
10 75
10 93
10 95
11 25
11 85
12 13
12 18
12 29
12 31
12 42
12 57
12 67
12 79
12 86
12 88
12 99
13 31
13 67
13 79
13 84
13 88
13 99
14 17
14 35
14 60
14 61
14 62
14 68
14 83
14 94
15 37
15 53
15 73
15 74
15 77
15 87
15 89
16 65
16 76
17 27
17 28
17 33
17 35
17 36
17 39
17 61
17 62
17 68
18 29
18 31
18 42
18 67
18 69
18 82
18 86
18 99
19 26
19 32
19 48
19 71
20 39
20 46
20 59
20 81
21 23
21 54
21 63
21 70
22 30
22 55
22 75
23 54
23 70
23 92
24 44
24 56
24 57
24 82
24 83
25 34
25 46
25 64
25 85
25 96
26 32
26 48
26 71
27 28
27 35
27 36
27 39
27 64
28 33
28 35
28 36
28 39
28 64
29 42
29 67
29 69
29 82
29 99
30 41
30 49
30 55
30 75
30 95
31 42
31 67
31 79
31 84
31 86
31 88
31 99
32 37
32 71
32 73
33 35
33 36
33 39
33 68
34 46
34 59
34 85
34 96
35 36
35 61
35 62
35 68
36 39
36 64
36 68
37 73
37 74
37 89
38 45
38 58
38 78
38 90
38 97
38 98
39 46
39 59
39 64
39 81
40 66
40 72
40 93
40 95
41 49
41 52
41 75
42 67
42 69
42 86
42 99
43 48
44 51
44 56
44 57
44 83
44 94
45 78
45 97
45 98
46 59
46 64
46 81
46 85
46 96
47 54
47 63
48 71
49 52
49 55
49 75
50 58
50 65
50 80
50 90
50 97
51 53
51 83
51 87
51 91
51 94
53 87
53 91
53 94
54 63
55 75
55 95
56 83
57 88
57 91
58 65
58 80
58 90
58 97
58 98
59 64
59 81
59 96
60 61
60 62
61 62
61 68
62 68
64 81
65 80
65 90
65 97
66 72
66 93
66 95
67 82
67 86
67 88
67 99
71 97
72 93
73 74
73 77
73 89
74 77
74 89
74 92
75 95
77 87
77 89
77 92
78 97
78 98
79 84
79 88
80 90
80 97
80 98
82 99
83 94
85 96
86 99
87 91
87 94
88 99
89 92
90 97
90 98
93 95
97 98
