1 20
1 22
1 36
1 39
1 60
1 93
3 14
3 16
3 34
3 46
3 79
3 80
3 82
3 84
3 87
4 19
4 24
4 29
4 73
4 94
5 15
5 51
5 54
5 64
5 85
5 90
6 35
7 14
7 18
7 38
7 49
7 53
7 72
7 80
7 81
7 82
8 9
8 11
8 18
8 57
8 63
8 86
8 91
8 96
9 11
9 23
9 57
9 63
9 73
9 86
9 91
9 96
10 50
10 54
10 70
10 78
10 95
11 27
11 57
11 86
11 91
11 96
12 16
12 34
12 62
12 76
12 77
12 79
12 83
12 87
12 89
13 32
13 43
13 50
13 67
14 18
14 80
14 81
14 82
15 27
15 51
15 55
15 64
15 90
16 34
16 42
16 62
16 77
16 79
16 80
16 82
16 87
16 89
17 30
17 37
17 38
17 48
18 49
18 72
18 81
18 86
19 24
19 40
19 65
19 94
20 22
20 36
20 39
20 60
20 70
20 93
21 30
21 37
21 42
21 48
21 62
21 76
21 77
22 36
22 39
22 41
22 59
22 70
22 93
22 99
23 24
23 61
23 63
23 73
23 91
24 29
24 63
24 73
24 91
24 94
25 26
25 28
25 33
25 45
25 56
25 68
25 88
26 28
26 33
26 58
26 68
26 74
26 88
26 98
27 51
27 64
28 33
28 45
28 56
28 68
28 74
28 88
29 35
29 94
30 37
30 42
30 48
31 43
31 55
31 88
32 43
32 50
32 55
32 78
33 45
33 68
33 88
34 44
34 79
34 83
34 87
34 89
36 39
36 41
36 59
36 70
36 93
37 42
37 48
37 77
38 42
38 48
38 53
38 80
38 82
39 54
39 60
39 70
39 93
40 65
40 94
40 97
41 59
41 70
41 93
41 99
42 48
42 62
42 77
42 79
42 80
42 82
42 89
43 50
43 67
44 83
44 87
45 56
45 68
46 61
46 84
46 87
46 97
47 57
47 66
47 69
47 71
47 75
47 92
48 62
48 77
48 80
48 82
49 53
49 72
49 81
49 85
50 78
51 64
51 85
51 90
52 76
53 60
53 72
53 81
54 70
54 78
54 90
54 93
54 95
55 64
56 68
57 75
57 91
57 96
58 71
58 74
58 98
59 70
59 93
59 95
59 99
61 63
61 84
61 97
62 76
62 77
62 79
62 89
63 73
63 86
63 91
63 96
64 85
64 90
65 94
66 73
66 75
66 91
66 92
68 74
68 88
68 98
69 92
70 93
70 95
70 99
71 74
71 75
71 92
71 98
72 81
72 85
73 91
73 94
74 98
75 92
76 77
76 79
76 89
77 79
77 89
78 95
79 80
79 82
79 87
79 89
80 82
83 87
84 97
85 90
86 96
87 89
91 96
93 95
95 99
