0 22
0 28
0 29
0 30
0 35
0 42
0 45
0 46
0 54
0 73
0 82
0 91
0 95
1 20
1 23
1 26
1 59
1 60
2 47
3 34
3 49
3 53
3 58
3 75
3 79
3 81
3 90
4 7
4 9
4 17
4 25
4 52
4 65
4 69
4 98
5 19
5 31
5 40
5 48
5 87
6 43
6 52
6 71
7 9
7 17
7 25
7 52
7 65
7 69
7 98
8 12
8 16
8 24
8 39
8 44
8 57
8 72
8 96
9 11
9 17
9 65
9 69
9 98
10 11
10 14
10 41
10 69
10 98
11 14
11 41
11 60
11 65
11 69
11 98
12 57
12 72
12 94
13 32
13 50
13 66
13 68
13 73
13 74
13 85
13 93
14 16
14 21
14 24
14 41
15 28
15 42
15 76
15 91
15 92
16 21
16 24
16 39
16 44
16 57
16 72
16 81
16 96
17 19
17 25
17 65
17 80
17 88
18 84
18 89
18 97
19 27
19 31
19 33
19 55
19 80
19 88
20 21
20 23
20 26
20 59
20 60
20 66
21 23
21 24
21 26
21 39
21 44
21 59
21 96
22 30
22 35
22 45
22 46
22 56
22 62
22 73
22 78
22 86
22 95
23 26
23 59
23 60
23 66
24 44
24 72
24 81
24 96
25 52
25 65
25 80
25 98
26 32
26 56
26 59
26 66
26 86
27 33
27 55
27 63
27 80
27 83
27 88
28 29
28 35
28 42
28 46
28 54
28 76
28 91
28 92
28 95
29 30
29 35
29 42
29 46
29 54
29 73
29 82
29 93
29 95
30 35
30 42
30 45
30 46
30 54
30 73
30 82
30 95
31 40
31 48
31 87
31 88
32 50
32 66
32 73
32 86
32 93
33 55
33 63
33 83
34 49
34 58
34 70
34 79
34 90
35 42
35 45
35 46
35 54
35 73
35 82
35 95
36 50
36 64
36 68
36 74
36 85
36 92
37 45
37 82
38 39
38 62
38 78
38 94
39 44
39 56
39 57
39 62
39 86
39 94
39 96
40 48
40 67
41 69
41 98
42 46
42 54
42 76
42 82
42 91
42 95
43 51
43 52
43 71
43 77
44 57
44 72
44 81
44 96
45 46
45 82
45 95
46 54
46 56
46 73
46 82
46 95
48 67
49 53
49 58
49 79
49 81
49 90
50 68
50 74
50 85
50 93
51 70
51 77
52 65
52 71
52 98
53 58
53 72
53 75
53 81
54 73
54 82
54 93
54 95
55 63
55 80
55 83
55 88
56 62
56 66
56 73
56 86
57 72
57 94
58 75
58 79
58 81
58 90
59 60
59 66
59 86
59 96
61 64
62 78
62 86
62 94
63 83
65 69
65 98
66 73
66 86
66 93
68 74
68 85
68 93
69 98
70 77
70 90
72 75
72 81
72 96
73 86
73 93
73 95
74 85
74 92
74 93
75 81
76 91
76 92
78 94
79 81
79 90
80 88
81 90
82 91
82 95
84 89
84 97
85 92
85 93
87 88
89 97
