0 3
0 6
0 10
0 31
0 38
0 61
0 72
1 28
1 36
1 38
1 89
2 8
2 27
2 50
2 60
2 85
3 6
3 10
3 38
4 7
4 36
4 46
5 14
5 29
5 63
5 67
6 10
6 38
7 15
7 30
7 36
7 46
7 80
8 37
8 59
8 96
9 21
9 23
9 26
9 31
9 40
9 61
9 72
10 31
10 38
10 61
10 72
11 35
11 48
11 54
11 81
12 16
12 17
12 19
12 44
12 51
12 55
12 57
12 65
12 81
12 84
12 95
13 45
13 71
13 91
13 98
14 64
14 67
15 30
15 80
15 91
15 98
16 17
16 49
16 51
16 56
16 68
16 76
16 84
16 88
17 18
17 19
17 51
17 56
17 65
17 68
17 77
17 84
17 95
18 19
18 41
18 55
18 57
18 65
18 77
18 90
18 93
18 95
19 44
19 51
19 55
19 57
19 65
19 95
20 34
20 47
20 53
20 58
20 80
20 83
20 99
21 23
21 26
21 31
21 40
21 61
21 72
22 34
22 39
22 43
22 47
22 52
22 53
22 86
23 26
23 32
23 40
24 25
24 70
24 74
25 70
25 74
26 32
26 40
27 37
27 39
27 52
27 60
27 79
27 85
27 96
28 36
28 89
29 63
29 67
30 80
30 91
30 98
31 61
31 72
32 40
33 92
34 47
34 53
34 58
34 83
34 86
34 99
35 44
35 48
35 81
35 97
36 46
37 43
37 52
37 59
37 60
37 96
38 89
39 43
39 52
39 60
39 79
39 86
41 71
41 77
41 90
41 93
42 82
42 94
43 52
43 86
44 57
44 81
44 97
45 73
45 91
45 98
47 53
47 56
47 58
47 68
47 73
47 88
47 99
48 67
49 51
49 54
49 62
49 76
49 81
49 84
50 64
50 85
51 55
51 65
51 84
51 95
52 60
52 79
52 86
53 58
53 83
53 99
54 62
54 76
54 81
55 57
55 65
55 78
55 93
55 95
56 68
56 84
56 88
57 65
57 78
57 87
57 93
57 95
57 97
58 73
58 83
58 88
58 99
59 66
59 96
60 79
60 85
60 96
61 72
62 76
62 81
64 85
65 77
65 95
66 92
66 96
68 73
68 77
68 84
68 88
69 75
69 78
69 87
69 93
70 74
71 77
71 90
75 78
75 87
75 93
76 79
76 84
77 90
77 95
78 87
78 93
79 85
80 83
81 97
82 92
82 94
83 99
84 88
90 93
91 98
