0 10
0 53
0 92
1 3
1 16
1 22
1 41
1 56
1 69
1 81
1 82
1 83
2 21
2 32
2 47
2 71
2 74
2 87
2 91
2 97
3 16
3 22
3 41
3 50
3 56
3 69
3 81
4 79
4 85
5 39
5 43
5 51
5 71
5 75
5 87
6 8
6 35
6 37
6 69
6 70
6 78
6 89
7 35
7 70
7 77
7 89
8 37
8 69
8 70
8 78
8 89
9 14
9 23
9 24
9 66
9 86
9 95
10 13
10 38
10 53
10 92
11 14
11 18
11 24
11 35
11 59
11 78
11 84
11 86
12 29
12 34
12 42
12 45
12 63
12 67
12 85
13 38
13 48
13 92
13 93
14 18
14 22
14 23
14 24
14 37
14 59
14 66
14 78
14 86
14 95
15 31
15 48
15 93
16 22
16 41
16 56
16 69
16 81
16 82
16 83
17 25
17 27
17 47
17 57
17 60
17 62
17 74
17 77
17 96
18 24
18 35
18 59
18 78
18 84
18 86
19 25
19 27
19 33
19 40
19 46
19 57
19 62
19 65
19 74
19 90
19 99
20 30
20 49
20 72
21 32
21 39
21 51
21 64
21 71
21 87
21 91
21 94
21 97
22 41
22 66
22 69
22 81
22 82
22 83
23 24
23 86
23 95
24 37
24 59
24 66
24 78
24 84
24 86
24 95
25 27
25 46
25 57
25 60
25 62
25 74
25 77
25 90
25 96
25 99
26 34
26 44
27 46
27 61
27 62
27 77
27 90
27 96
27 99
28 40
28 65
29 67
30 49
30 82
30 83
31 36
32 39
32 91
32 97
33 47
33 57
33 65
33 74
34 42
34 45
34 63
34 67
35 37
35 70
35 78
35 84
35 89
37 66
37 69
37 70
37 78
37 84
37 89
38 48
38 92
39 51
39 64
39 71
39 91
39 94
39 97
40 65
40 93
41 56
41 69
41 81
41 82
41 83
42 45
42 63
42 85
42 88
43 98
44 76
45 63
45 85
45 88
46 61
46 62
46 77
46 90
46 99
47 57
47 71
47 74
47 87
47 97
48 93
49 72
50 79
51 64
51 94
52 58
52 73
53 55
53 59
53 68
53 86
53 92
54 58
54 75
54 76
54 80
54 98
55 61
55 68
55 92
56 81
57 62
57 65
57 74
58 73
58 80
59 78
59 84
59 86
60 62
60 74
60 75
60 77
60 96
61 68
61 90
61 99
62 74
62 77
62 90
62 96
62 99
63 85
63 88
64 91
64 94
66 69
66 78
66 82
66 95
68 90
68 92
68 99
70 78
70 84
70 89
71 75
71 87
71 91
71 97
73 89
75 80
75 87
75 96
76 98
77 90
77 96
78 84
79 85
81 82
81 83
82 83
86 95
90 99
91 97
