0 48
0 51
0 62
0 68
0 69
0 71
0 73
0 76
0 79
0 93
0 96
1 9
1 18
1 41
2 40
2 86
3 21
3 37
3 83
3 84
4 35
4 41
4 47
4 91
5 6
5 11
5 24
5 44
5 49
5 61
5 70
5 72
5 78
5 89
6 15
6 16
6 24
6 61
6 70
6 72
6 88
6 89
7 36
8 17
8 19
8 24
8 44
8 74
8 78
8 98
9 16
9 18
9 33
9 35
9 47
9 59
9 91
9 92
10 13
10 22
10 31
10 52
10 67
10 74
10 77
10 94
11 24
11 44
11 45
11 49
11 70
11 78
12 17
12 19
12 25
12 72
12 88
12 97
13 25
13 31
13 52
13 67
13 74
13 75
13 77
13 94
14 27
14 55
15 16
15 33
15 46
15 61
15 72
15 89
16 33
16 59
16 61
16 91
17 19
17 25
17 88
18 59
18 85
18 92
19 24
19 61
19 72
19 88
19 89
19 97
20 25
20 31
20 75
21 37
21 83
21 84
22 56
22 64
22 67
23 34
23 66
24 44
24 49
24 61
24 70
24 72
24 78
24 89
25 31
25 52
25 75
26 48
26 54
26 62
26 69
26 93
27 55
28 38
28 46
28 68
28 76
28 81
28 95
29 36
29 70
29 82
30 32
30 43
30 54
30 60
30 93
31 52
31 67
31 74
31 75
31 77
31 94
32 43
32 57
32 60
33 59
33 82
33 85
33 92
34 38
34 66
34 81
34 95
35 47
35 91
37 57
37 60
37 83
37 84
38 46
38 66
38 81
38 95
39 76
39 79
39 87
39 95
39 99
40 86
41 47
43 54
43 60
44 45
44 49
44 70
44 78
44 98
45 98
46 81
47 91
48 54
48 58
48 62
48 69
48 71
49 70
49 78
50 80
50 99
51 62
51 68
51 71
51 73
51 76
51 79
51 96
52 67
52 74
52 77
52 94
53 77
53 90
54 62
54 69
54 93
56 64
57 60
57 84
57 86
58 65
58 71
58 79
58 87
59 82
59 85
59 92
60 93
61 72
61 88
61 89
61 97
62 69
62 71
62 73
62 93
62 96
63 64
65 71
65 87
66 81
66 95
67 74
67 77
67 94
68 73
68 76
68 79
68 81
68 95
68 96
69 71
69 73
69 93
69 96
70 78
70 82
70 89
71 73
71 79
71 87
72 88
72 89
72 97
73 76
73 79
73 96
74 94
74 98
76 79
76 81
76 95
76 96
77 90
77 94
78 89
79 87
79 95
80 99
81 95
82 85
82 92
83 84
83 97
85 92
88 89
88 97
93 96
