0 7
0 24
0 33
0 56
0 57
0 58
0 72
0 75
0 76
0 90
1 2
1 44
1 50
1 64
1 66
1 74
1 91
2 16
2 50
2 52
2 53
2 59
2 66
2 74
2 91
2 97
3 22
3 32
3 44
3 89
3 91
5 13
5 28
5 49
5 81
6 10
6 33
6 39
6 42
6 43
6 57
6 60
6 72
6 80
7 24
7 25
7 45
7 55
7 56
7 58
7 75
7 76
7 90
8 26
8 67
8 84
8 92
9 18
9 19
9 25
9 45
9 55
10 17
10 33
10 39
10 42
10 43
10 57
10 72
10 80
11 15
11 20
11 49
11 63
11 67
11 83
11 96
12 35
12 62
12 88
12 93
13 49
13 51
13 81
14 31
14 41
14 46
14 78
14 87
15 18
15 20
15 36
15 47
15 83
15 86
16 20
16 47
16 52
16 53
16 59
16 63
16 66
16 86
16 96
16 97
17 33
17 34
17 37
17 42
17 57
17 68
17 72
17 73
17 80
18 19
18 20
18 29
18 36
18 45
18 55
18 83
18 86
19 24
19 25
19 36
19 45
19 47
19 55
19 75
19 86
20 36
20 47
20 63
20 83
20 86
20 96
20 97
21 27
21 70
21 71
21 89
21 94
22 31
22 32
22 41
22 46
22 87
23 68
24 25
24 36
24 45
24 47
24 55
24 56
24 58
24 75
24 76
24 86
24 90
25 45
25 55
25 56
25 58
25 75
25 76
25 95
26 70
26 71
26 79
26 82
26 84
26 92
26 94
27 70
27 85
28 49
28 65
28 81
28 99
29 69
30 61
31 32
31 41
31 46
31 87
32 41
32 44
32 46
32 64
32 87
32 93
33 39
33 42
33 57
33 60
33 72
33 76
33 80
33 90
34 37
34 57
34 68
34 73
35 64
35 88
35 93
36 45
36 47
36 55
36 75
36 83
36 86
37 73
38 40
38 54
38 79
38 82
38 84
38 85
38 98
39 42
39 43
39 60
39 72
39 80
40 54
40 79
40 82
40 84
40 85
40 98
40 99
41 46
41 78
41 87
41 93
42 43
42 57
42 72
42 80
43 72
43 80
44 64
44 89
44 91
45 55
45 56
45 58
45 75
46 87
46 93
47 52
47 53
47 75
47 86
48 50
48 60
48 77
49 67
49 81
50 52
50 53
50 59
50 66
50 74
50 91
51 69
52 53
52 59
52 66
52 74
52 97
53 59
53 66
53 74
53 97
54 98
55 58
55 75
55 86
56 57
56 58
56 75
56 76
56 90
57 58
57 72
57 73
57 76
57 80
57 90
58 75
58 76
58 90
59 66
59 74
59 97
60 72
60 77
60 80
62 88
63 83
63 96
63 97
64 87
64 93
65 81
65 99
66 74
66 91
66 97
70 71
70 84
70 89
70 92
70 94
71 92
71 94
72 80
72 90
74 91
75 76
75 86
75 90
76 90
79 82
79 84
79 85
79 92
79 98
82 84
82 85
82 92
82 98
83 86
84 85
84 92
84 98
85 98
87 93
89 94
92 94
96 97
