0 25
0 32
0 36
0 40
0 56
0 65
0 77
0 84
0 99
1 16
1 29
2 8
2 13
2 21
2 35
2 55
2 58
2 67
2 79
3 20
3 31
3 54
3 66
3 81
4 6
4 9
4 70
4 73
5 22
5 27
5 30
5 38
5 50
5 69
5 76
5 85
5 86
5 91
6 9
6 28
6 70
6 73
6 95
7 15
7 18
7 26
7 34
7 37
7 53
7 57
7 78
8 13
8 21
8 35
8 38
8 58
8 62
8 67
9 73
10 24
10 26
10 41
10 47
10 48
10 52
10 96
11 32
11 49
11 56
11 59
11 71
11 74
11 88
12 42
12 46
12 82
12 92
13 35
13 55
13 62
13 67
13 79
14 49
14 59
14 60
14 71
14 80
14 88
14 93
14 96
15 34
15 37
15 57
15 97
16 29
16 33
16 46
16 75
16 83
17 43
17 51
18 34
18 42
18 46
18 75
18 78
18 92
18 98
19 81
19 97
20 31
20 54
21 38
21 39
21 58
21 60
21 61
21 67
22 50
22 69
22 76
22 86
22 91
23 35
23 62
23 63
23 87
24 26
24 33
24 41
24 47
24 52
24 53
24 96
25 32
25 36
25 40
25 56
25 65
25 77
25 84
25 99
26 37
26 47
26 53
26 96
27 30
27 39
27 50
27 61
27 74
27 76
27 86
27 91
28 70
28 73
28 95
30 38
30 39
30 50
30 58
30 61
30 74
30 76
31 54
31 66
31 81
32 40
32 56
32 65
32 77
33 46
33 47
33 75
33 78
33 83
34 37
34 53
34 57
34 78
35 55
35 62
35 63
35 87
36 65
36 77
36 84
36 99
37 53
37 57
37 78
38 39
38 58
38 61
38 91
39 50
39 60
39 61
39 71
39 74
39 76
40 56
40 65
40 77
40 99
41 48
41 60
41 96
42 46
42 82
42 92
43 45
43 51
43 94
44 72
44 79
44 90
45 51
45 64
45 68
45 94
46 75
46 78
46 82
46 83
46 92
47 52
47 53
47 75
47 83
48 52
48 67
48 96
49 59
49 60
49 71
49 74
49 80
49 88
49 93
50 61
50 69
50 76
50 86
50 91
51 94
53 78
53 96
54 66
54 81
55 79
55 90
56 65
56 77
57 97
57 98
58 61
58 62
59 60
59 71
59 74
59 80
59 88
59 93
60 61
60 71
60 74
60 88
62 87
64 68
64 89
64 94
65 77
65 84
65 99
66 81
67 79
68 89
69 76
69 85
69 86
69 91
70 73
70 95
71 74
71 80
71 88
71 93
72 79
74 88
75 78
75 83
76 86
77 84
77 99
79 90
80 88
80 93
80 96
82 92
84 95
84 99
85 87
85 91
86 91
88 93
93 96
95 99
