0 18
0 29
0 67
0 68
0 90
1 3
1 5
1 9
1 42
1 58
1 64
1 77
1 88
1 92
2 10
2 22
2 27
2 31
2 50
2 60
2 65
2 66
2 80
2 93
3 19
3 24
3 42
3 70
3 73
3 88
3 92
4 12
4 14
4 32
5 9
5 11
5 58
5 64
5 77
5 92
6 17
6 19
6 39
6 47
6 59
6 70
6 72
6 88
7 16
7 38
7 41
7 49
7 71
7 78
7 86
8 27
9 42
9 58
9 62
9 64
9 77
9 92
10 27
10 31
10 48
10 60
10 65
10 66
10 80
10 93
11 28
11 77
12 14
12 32
13 21
13 37
13 44
13 51
13 81
13 85
13 91
13 94
14 42
14 58
14 62
15 57
16 38
16 41
16 49
16 71
16 78
16 86
17 19
17 39
17 70
17 72
18 29
18 67
18 68
18 90
19 24
19 39
19 70
19 72
19 73
19 88
20 61
20 62
20 63
20 84
21 37
21 44
21 81
22 47
22 50
22 60
22 65
22 66
22 74
22 80
22 91
22 93
23 53
23 69
23 82
23 87
23 97
24 39
24 70
24 73
24 88
24 92
25 31
25 48
25 52
25 56
25 76
25 95
26 33
26 56
26 71
26 76
26 78
26 79
26 86
27 66
27 80
29 57
30 44
30 51
30 81
30 85
30 94
31 47
31 48
31 52
31 60
31 65
31 66
31 93
32 34
32 35
32 45
32 73
33 71
33 76
33 78
33 79
33 83
33 86
33 89
34 35
36 43
36 54
36 96
37 44
37 81
38 41
38 49
38 71
38 78
38 86
39 70
39 72
39 73
39 88
40 83
40 89
41 49
41 78
41 86
42 58
42 62
42 92
43 45
43 90
43 96
44 51
44 81
44 85
44 94
45 73
45 96
46 68
47 50
47 52
47 59
47 60
47 65
47 66
47 93
48 66
48 98
49 71
49 78
49 86
50 59
50 60
50 65
50 66
50 74
50 80
50 93
51 81
51 85
51 91
51 94
52 59
52 60
52 93
52 95
53 69
53 75
53 82
53 87
53 95
53 97
54 55
56 76
56 79
58 62
58 64
58 77
58 92
59 60
59 70
59 72
59 93
60 65
60 66
60 80
60 93
61 63
61 84
62 64
62 77
63 84
64 77
65 66
65 80
65 93
66 80
66 93
67 68
67 90
68 82
69 75
69 82
69 87
69 95
69 97
70 72
70 88
71 78
71 79
71 83
71 86
72 75
73 88
74 88
75 82
75 87
75 95
75 97
76 79
76 95
77 92
78 86
80 91
81 85
81 94
82 87
82 97
83 86
83 89
85 91
85 94
87 95
87 97
88 92
90 96
91 94
95 97
