0 1
0 10
0 12
0 47
0 52
0 58
0 68
0 74
0 88
0 90
0 94
1 6
1 10
1 52
1 54
1 58
1 68
1 74
1 88
1 90
2 8
2 42
3 23
3 31
3 99
4 11
4 36
4 56
4 64
4 77
4 89
5 29
5 47
5 55
5 57
5 58
5 78
6 16
6 26
6 54
6 68
6 88
6 90
7 17
7 25
7 53
7 62
7 75
7 80
8 19
8 20
10 12
10 47
10 52
10 58
10 68
10 74
10 88
10 90
10 94
11 36
11 45
11 56
11 64
11 67
11 77
11 82
11 89
12 30
12 45
12 52
12 58
12 68
12 69
12 74
12 82
12 94
13 17
13 20
13 25
13 46
13 62
13 72
13 75
13 96
14 21
14 29
14 55
14 57
14 66
14 78
15 16
15 26
15 39
15 43
15 83
16 26
16 39
17 25
17 46
17 53
17 62
17 75
18 24
18 33
18 43
18 49
18 70
18 79
18 83
18 98
19 41
19 81
19 91
19 95
20 42
20 46
20 96
21 65
21 66
23 27
23 35
23 60
23 65
23 73
23 85
24 43
24 49
24 79
24 83
24 98
25 46
25 53
25 62
25 75
26 39
27 35
27 60
27 85
28 51
28 94
29 55
29 57
29 66
29 73
29 78
30 45
30 51
30 69
31 95
31 99
32 37
32 59
32 63
32 64
32 77
32 87
33 44
33 70
33 80
33 83
34 37
34 38
34 48
34 76
34 84
34 86
34 92
35 60
35 65
35 73
35 85
36 56
36 64
36 77
36 89
37 48
37 63
37 76
37 84
37 86
38 48
38 84
38 86
38 92
40 93
41 61
41 81
41 91
41 95
41 99
43 49
43 79
43 83
44 70
44 80
45 69
45 74
45 82
45 94
46 62
46 75
46 96
47 55
47 57
47 58
47 94
48 76
48 79
48 84
48 86
48 92
49 79
49 83
49 98
50 72
50 75
50 96
51 69
51 97
52 54
52 58
52 68
52 71
52 74
52 82
52 88
52 90
53 62
53 80
54 67
54 68
54 71
54 82
54 88
54 90
55 57
55 78
55 94
56 64
56 67
56 71
56 77
56 82
57 78
58 68
58 74
58 90
58 94
59 64
59 77
59 87
59 89
60 85
61 81
61 91
61 95
61 99
62 75
63 64
63 76
63 77
63 86
64 77
64 87
64 89
65 66
65 73
65 78
65 85
66 73
66 78
67 71
67 77
67 82
68 74
68 82
68 88
68 90
69 74
70 83
71 82
72 96
73 78
73 85
74 82
74 94
76 84
76 86
77 89
79 83
81 91
81 95
81 99
84 86
84 92
86 92
87 89
88 90
91 95
91 99
93 98
95 99
