0 5
0 7
0 8
0 21
0 28
0 37
0 57
0 64
0 69
0 76
0 80
0 85
1 29
1 65
1 88
2 6
2 9
2 32
2 36
2 84
2 95
3 5
3 7
3 12
3 28
3 37
3 55
3 64
3 71
3 80
3 81
3 85
4 13
4 25
4 47
4 52
4 59
4 74
5 7
5 8
5 12
5 28
5 37
5 55
5 57
5 64
5 71
5 76
5 80
5 85
5 97
6 11
6 23
6 36
6 58
6 84
6 95
7 21
7 28
7 34
7 37
7 55
7 64
7 69
7 81
7 85
8 57
8 76
8 80
8 97
9 16
9 32
9 39
9 70
9 84
9 92
10 40
10 72
10 94
11 23
11 36
11 58
11 95
12 28
12 37
12 55
12 71
12 80
12 85
13 15
13 39
13 56
13 67
13 92
14 43
14 52
14 63
14 91
15 16
15 39
15 70
16 30
16 39
16 53
16 60
16 70
16 84
16 98
17 23
17 30
17 31
17 36
17 58
18 25
18 35
18 45
18 51
18 54
19 20
19 24
19 27
19 33
19 38
19 46
19 50
19 78
19 90
20 24
20 46
20 50
20 90
21 28
21 29
21 34
21 37
21 54
21 55
21 64
21 69
21 81
22 32
22 48
22 77
22 82
22 93
23 31
23 36
23 58
23 95
24 27
24 33
24 38
24 41
24 46
24 78
24 90
25 35
25 45
25 47
25 54
25 59
25 74
26 28
26 29
26 55
26 65
26 81
27 33
27 38
27 41
27 46
27 78
27 90
28 29
28 37
28 55
28 64
28 71
28 81
28 85
29 37
29 55
29 64
29 65
29 81
29 88
30 36
30 53
30 58
30 60
30 70
30 98
31 58
32 48
32 82
32 84
32 92
33 38
33 41
33 46
33 78
33 90
34 35
34 54
34 69
35 45
35 51
35 54
35 59
36 58
36 95
37 55
37 64
37 69
37 71
37 81
37 85
38 46
38 78
39 70
39 84
39 92
40 94
41 72
42 44
42 66
42 68
42 79
42 87
43 52
43 74
44 66
44 68
44 79
44 87
45 51
46 50
46 78
46 90
47 52
47 54
47 59
47 74
48 77
48 82
48 93
48 99
49 53
49 60
49 61
49 62
49 75
49 89
49 98
50 90
52 74
53 60
53 70
53 98
54 59
54 69
54 74
55 64
55 71
55 81
55 85
56 67
56 92
56 99
57 76
57 80
57 85
57 97
58 95
59 74
60 70
60 98
61 62
61 73
61 75
61 86
61 89
61 96
62 75
62 89
62 98
63 66
63 83
63 87
64 69
64 81
65 81
65 88
66 83
66 87
67 99
68 79
68 87
69 81
70 84
70 98
71 80
71 85
73 86
73 89
73 96
75 89
75 98
76 80
76 85
76 97
77 93
78 90
80 85
80 97
82 92
82 99
83 87
84 92
85 97
86 89
86 91
86 96
89 96
91 96
92 99
