0 3
0 10
0 34
0 64
1 12
1 13
1 22
1 29
1 35
1 42
1 57
1 61
1 73
1 86
1 99
2 5
2 39
2 63
2 84
2 89
2 96
3 10
3 34
3 64
4 32
4 49
4 51
4 58
4 63
4 66
4 72
4 74
4 77
4 84
4 91
5 39
5 63
5 84
5 89
5 96
6 14
6 27
6 30
6 40
6 45
6 55
6 59
6 82
7 16
7 34
7 64
7 67
7 87
8 25
8 37
8 62
8 85
8 89
9 15
9 19
9 85
10 16
10 34
10 64
11 50
11 67
11 70
11 71
12 33
12 35
12 42
12 44
12 52
12 61
12 86
12 99
13 22
13 29
13 65
13 73
14 27
14 55
15 19
15 28
15 31
15 47
15 78
15 89
16 34
16 64
16 69
16 75
17 18
17 23
17 36
17 47
17 48
17 78
17 95
18 23
18 36
18 47
18 48
18 78
18 95
19 28
19 31
19 47
19 78
19 85
19 89
20 26
20 60
20 71
20 98
21 25
21 40
21 81
21 82
21 93
21 97
22 29
22 35
22 61
22 65
22 73
22 99
23 36
23 48
23 95
24 54
24 65
25 68
25 80
25 93
26 33
26 52
26 60
26 69
26 98
27 30
27 76
27 94
28 47
28 48
28 78
29 57
29 73
30 40
30 45
30 76
30 82
30 90
30 97
31 36
31 47
31 78
32 51
32 58
32 63
32 72
32 74
32 77
32 91
33 52
34 64
34 69
35 42
35 44
35 52
35 61
35 86
35 99
36 47
36 48
36 66
36 78
36 95
37 62
37 85
37 89
38 43
38 56
38 87
39 63
39 74
39 84
39 89
39 96
40 45
40 59
40 81
40 82
40 97
41 53
41 62
41 68
41 75
41 80
42 44
42 57
42 61
42 79
42 86
42 99
43 88
44 57
44 61
44 62
44 79
44 86
44 99
45 59
45 82
45 97
46 83
46 90
46 92
47 48
47 78
48 78
48 95
49 59
49 74
49 91
49 93
50 70
51 58
51 63
51 66
51 72
51 74
51 77
51 84
51 91
52 53
52 75
52 99
53 68
53 69
53 75
53 80
54 65
55 59
55 91
57 61
57 79
58 63
58 66
58 72
58 74
58 77
58 91
59 82
59 91
60 71
60 98
61 79
61 86
61 99
62 85
63 66
63 72
63 74
63 77
63 84
63 96
64 87
65 73
66 72
66 74
66 77
67 70
67 71
67 98
68 75
68 80
69 75
70 71
71 98
72 74
72 77
72 84
74 77
74 84
74 91
74 96
75 80
76 83
76 90
79 86
81 82
81 93
81 97
82 93
82 97
83 90
83 92
84 96
85 89
86 99
89 96
90 92
93 97
