0 29
0 42
0 48
0 63
0 70
1 21
1 45
1 55
1 58
1 73
2 24
2 31
2 32
2 36
2 92
2 96
3 98
4 6
4 26
4 41
4 68
4 88
5 10
5 26
5 49
5 68
5 83
6 14
6 26
6 41
6 54
6 79
6 88
6 97
7 28
7 29
7 42
7 99
8 18
8 25
8 30
8 47
8 51
8 65
8 69
8 80
9 38
9 39
9 79
9 93
10 15
10 40
10 49
10 55
10 76
10 78
10 83
10 99
11 36
11 50
12 15
12 28
12 35
12 40
12 44
12 55
12 64
12 66
12 76
12 77
12 85
12 99
13 16
13 17
13 43
13 52
13 67
13 75
13 91
13 94
14 22
14 26
14 46
14 53
14 54
14 62
14 73
14 90
14 97
15 40
15 49
15 55
15 76
15 78
15 99
16 17
16 34
16 43
16 52
16 60
16 67
16 75
16 91
16 94
17 19
17 25
17 27
17 30
17 43
17 47
17 52
17 80
17 94
18 19
18 25
18 27
18 30
18 51
18 65
18 69
18 79
19 27
19 30
19 34
19 52
19 69
20 23
20 42
20 72
20 81
20 86
20 87
21 22
21 45
21 58
21 59
21 62
21 73
21 82
21 90
22 26
22 46
22 53
22 54
22 58
22 62
22 73
22 82
22 90
22 97
23 72
23 81
23 86
23 87
24 31
24 32
24 36
24 50
24 92
24 96
25 30
25 47
25 65
25 69
25 80
26 41
26 54
26 68
26 97
27 30
27 52
27 65
27 69
28 35
28 40
28 42
28 44
28 77
28 78
28 99
29 42
29 63
29 70
30 47
30 65
30 69
30 80
31 32
31 36
31 92
31 96
32 36
32 50
32 92
32 96
33 53
33 62
33 82
33 90
34 52
35 44
35 55
35 64
35 66
35 76
35 77
35 85
36 60
36 92
36 96
37 95
38 39
38 79
38 88
38 93
39 88
39 93
40 78
40 99
41 68
41 79
41 88
42 70
42 81
42 87
43 47
43 52
43 67
43 91
43 94
44 61
44 64
44 66
44 77
44 85
45 58
45 59
45 62
45 73
45 82
45 84
46 53
46 54
46 90
46 97
47 80
47 94
48 63
48 70
49 68
49 83
50 96
51 65
51 69
52 67
52 91
52 94
53 54
53 58
53 62
53 73
53 82
53 90
53 97
54 90
54 97
55 64
55 76
55 84
56 71
58 59
58 62
58 73
58 82
58 90
59 62
59 82
60 67
60 75
60 91
61 66
61 77
61 85
61 89
62 73
62 82
62 90
63 70
64 66
64 76
64 77
64 84
64 85
65 69
65 80
66 74
66 77
66 85
66 89
67 75
67 91
67 94
68 83
69 79
72 81
72 86
72 87
73 82
73 90
74 85
74 89
75 91
75 95
76 84
77 85
77 89
78 99
79 88
81 86
81 87
82 90
85 89
86 87
90 97
91 94
92 96
