0 8
0 24
0 31
0 64
0 71
1 36
1 39
1 46
1 83
1 91
1 93
1 96
2 19
2 29
2 74
3 21
3 43
3 45
3 55
4 6
4 7
4 13
4 15
4 27
4 30
4 35
4 44
4 51
4 72
4 73
4 81
5 9
5 10
5 13
5 27
5 44
5 47
5 51
5 60
5 63
5 67
5 72
5 87
5 92
6 13
6 15
6 20
6 30
6 44
6 67
6 72
7 27
7 35
7 44
7 51
7 72
7 73
7 86
8 24
8 64
8 71
9 10
9 12
9 47
9 60
9 63
9 87
10 12
10 27
10 44
10 51
10 63
10 87
10 92
10 98
11 23
11 35
11 68
11 73
11 81
11 82
11 86
12 41
12 63
12 87
12 98
13 15
13 20
13 28
13 44
13 67
13 72
13 92
14 53
14 57
14 61
14 85
15 20
15 30
15 44
15 67
15 72
16 69
17 25
17 33
17 40
17 94
18 32
18 34
18 42
18 49
18 54
18 70
18 88
18 89
18 95
19 29
19 56
19 75
19 79
19 90
20 28
20 58
20 67
20 78
21 43
21 45
21 55
22 41
23 35
23 70
23 73
23 81
23 82
23 86
24 31
24 48
24 64
24 71
25 26
25 33
25 40
25 47
25 50
25 52
25 60
25 66
25 94
26 33
26 37
26 47
26 50
26 52
26 60
26 62
26 66
26 94
27 44
27 51
27 72
27 73
27 87
27 92
28 37
28 58
28 66
28 67
28 78
29 74
29 75
29 79
29 90
29 95
30 35
30 44
30 54
30 70
30 72
30 81
31 64
31 71
31 93
31 96
32 49
32 59
32 70
32 88
32 89
32 95
32 97
32 99
33 37
33 40
33 50
33 52
33 62
33 66
33 94
34 42
34 95
35 54
35 70
35 72
35 73
35 81
35 86
36 46
36 83
36 91
36 93
37 50
37 52
37 58
37 62
37 66
37 78
38 56
38 84
39 43
39 45
39 46
39 83
39 91
40 94
42 54
42 70
42 88
42 95
43 45
43 46
43 83
44 51
44 72
44 73
44 87
44 92
46 83
46 91
46 93
46 96
47 60
47 63
47 67
47 87
47 92
49 59
49 70
49 88
49 89
49 97
49 99
50 52
50 62
50 66
50 94
51 72
51 73
51 87
51 92
52 62
52 66
52 94
53 57
53 61
53 85
54 70
54 81
54 88
54 89
56 75
56 79
56 84
56 99
57 61
57 68
57 85
57 97
58 66
58 78
59 70
59 88
59 89
59 97
59 99
60 63
60 67
60 87
60 92
61 68
62 66
63 67
63 87
63 92
64 71
64 76
64 96
65 77
65 80
67 92
68 82
70 81
70 88
70 89
70 97
71 96
72 73
72 92
73 81
73 86
75 79
75 84
75 90
76 96
77 80
79 84
79 90
81 86
82 86
83 91
83 93
83 96
84 99
87 92
87 98
88 89
88 95
88 97
88 99
89 97
89 99
90 95
91 93
91 96
93 96
97 99
