0 31
1 3
1 6
1 7
1 19
1 87
1 94
1 95
2 16
2 21
2 46
2 52
2 72
2 92
3 7
3 32
3 69
3 94
3 95
4 14
4 18
4 29
4 37
4 41
4 53
4 79
5 13
5 44
5 46
5 52
5 72
5 89
6 17
6 19
6 22
6 28
6 78
6 87
7 10
7 32
7 87
7 95
8 27
8 30
8 45
8 54
8 73
8 76
8 83
9 34
9 38
9 47
9 49
9 50
9 67
9 68
9 74
10 95
11 40
11 43
12 23
12 24
12 39
12 48
12 56
12 57
12 85
12 90
13 26
13 44
13 46
13 52
13 61
13 89
14 18
14 29
14 41
14 53
14 59
14 79
14 81
15 27
15 35
15 54
15 63
15 79
15 84
15 99
16 20
16 46
16 47
16 61
17 19
17 22
17 28
17 78
17 88
18 29
18 33
18 41
18 53
18 55
18 91
19 22
19 28
19 78
19 87
19 88
20 26
20 46
20 61
20 89
21 31
21 64
21 66
21 72
21 92
22 28
22 78
22 88
23 24
23 39
23 48
23 49
23 56
23 65
23 80
23 85
23 90
24 33
24 39
24 48
24 56
24 57
24 80
24 85
24 90
25 59
25 60
25 75
25 77
25 82
25 93
26 37
26 61
26 89
26 99
27 35
27 54
27 63
27 83
27 84
28 78
28 87
28 88
29 33
29 41
29 42
29 53
29 55
29 91
30 45
30 58
30 59
30 76
30 79
30 81
30 82
30 83
31 40
32 69
32 95
33 34
33 41
33 42
33 47
33 48
33 53
33 55
33 57
33 91
34 42
34 47
34 55
34 68
34 91
35 37
35 54
35 63
35 84
35 99
36 71
37 61
37 79
37 89
37 99
38 43
38 49
38 50
38 67
38 68
38 74
39 48
39 56
39 57
39 65
39 80
39 85
39 90
40 43
41 42
41 53
41 55
41 57
41 91
42 47
42 48
42 53
42 55
42 57
42 68
42 91
43 67
43 74
44 46
44 52
44 89
45 58
45 59
45 76
45 79
45 81
45 82
45 83
45 93
46 52
46 61
46 72
46 89
46 92
47 55
47 67
47 68
47 91
48 56
48 57
48 65
48 80
48 85
48 90
49 50
49 65
49 68
49 74
49 80
50 65
50 67
50 68
50 74
50 80
51 62
51 66
51 71
51 96
52 72
52 89
52 92
53 55
53 91
54 63
55 91
56 65
56 80
56 85
56 90
57 85
57 90
58 60
58 73
58 76
58 77
58 82
58 83
58 86
59 79
59 81
59 82
59 83
59 93
60 77
60 86
60 93
61 89
62 66
62 70
62 96
63 84
63 98
63 99
64 66
64 70
64 96
65 80
66 70
66 96
67 68
67 74
70 96
72 92
73 76
75 93
76 82
76 83
77 86
78 87
78 88
79 81
79 83
81 82
81 83
81 93
82 83
82 93
84 97
84 98
84 99
85 90
87 95
88 98
97 98
97 99
