0 19
0 37
0 45
0 59
0 66
0 94
1 16
1 38
1 39
1 65
1 69
2 43
2 53
2 71
2 79
2 88
2 92
3 4
3 6
3 14
3 50
3 67
3 68
3 70
3 93
3 96
4 40
4 57
4 67
4 68
4 70
4 78
4 93
4 96
5 17
5 28
5 53
5 76
5 90
6 75
6 83
6 89
6 96
6 99
7 9
7 21
7 22
7 34
7 47
7 58
7 71
7 79
7 88
7 98
8 23
8 29
8 44
8 48
8 54
8 60
8 64
8 84
9 18
9 21
9 22
9 27
9 36
9 43
9 62
9 71
9 73
9 88
9 97
9 98
10 32
10 42
10 51
12 24
12 52
12 63
12 74
13 19
13 25
13 45
13 55
13 61
13 72
13 95
14 82
14 83
14 93
15 29
15 44
15 51
16 39
16 65
16 69
17 90
17 94
18 27
18 36
18 43
18 50
18 62
18 71
18 73
18 88
18 97
18 98
19 25
19 37
19 45
19 66
20 35
20 38
20 39
20 57
20 80
21 22
21 98
22 73
22 98
22 99
23 29
23 44
23 48
23 54
23 60
23 64
23 84
24 52
24 63
24 74
25 45
25 66
26 46
26 49
26 81
27 36
27 43
27 50
27 62
27 68
27 73
27 87
27 88
27 97
27 98
28 37
28 43
28 53
28 59
28 76
28 87
28 90
28 94
29 44
30 48
30 56
30 60
31 33
31 35
31 41
31 61
31 86
31 91
31 95
32 42
32 51
32 64
33 35
33 41
33 86
33 91
33 95
34 47
34 58
35 38
35 41
35 65
35 80
35 86
35 91
36 50
36 62
36 68
36 70
36 73
36 97
36 98
37 45
37 59
37 72
37 87
38 39
38 65
38 69
38 80
39 49
39 65
39 69
39 80
40 57
40 67
40 78
41 61
41 86
41 91
41 95
42 51
42 64
43 53
43 71
43 79
43 87
43 88
43 97
44 48
45 66
46 49
47 58
48 60
48 84
50 62
50 68
50 70
50 73
50 96
50 97
50 99
52 63
52 74
53 71
53 76
53 79
53 88
53 90
54 60
54 83
54 84
55 61
55 72
55 78
56 60
57 67
57 78
57 80
58 79
59 87
60 84
61 86
61 95
62 68
62 73
62 88
62 97
62 98
63 74
64 75
64 89
65 69
65 91
66 85
67 70
67 78
67 93
68 70
68 73
68 96
68 97
70 96
71 79
71 88
71 98
72 78
73 88
73 97
73 98
73 99
75 83
75 89
75 96
75 99
76 90
77 85
79 88
79 92
81 82
82 83
82 93
83 89
83 93
83 96
85 94
86 91
86 95
88 97
88 98
89 96
91 95
96 99
97 98
98 99
