0 8
0 13
0 27
0 53
0 74
0 92
0 96
1 14
1 30
1 32
1 76
1 85
1 94
2 30
2 41
2 44
2 58
3 37
3 68
3 71
3 78
3 82
3 91
4 35
4 47
4 67
5 26
5 46
5 49
5 50
5 68
5 90
6 15
6 18
6 31
6 40
6 51
6 65
6 79
7 16
7 35
7 60
8 13
8 27
8 52
8 96
9 10
9 69
9 71
9 89
10 69
10 71
10 89
10 91
11 54
11 62
11 70
11 83
11 97
12 28
12 33
12 56
12 80
13 27
13 52
13 96
14 30
14 32
14 44
14 76
14 85
14 94
15 40
15 79
16 47
16 60
16 67
16 75
17 46
17 61
18 25
18 31
18 51
18 65
19 22
19 84
19 94
19 95
20 32
20 88
21 25
21 45
21 48
21 57
21 93
21 98
21 99
22 58
22 94
22 95
23 36
23 81
24 43
24 54
24 59
24 63
24 64
24 84
24 87
25 45
25 48
25 99
26 33
26 42
26 56
26 90
27 29
27 34
27 52
27 53
27 63
27 73
27 74
27 96
28 33
28 42
28 45
28 56
28 80
29 34
29 52
29 59
29 63
29 73
29 88
29 96
30 41
30 44
30 58
30 76
31 51
31 65
31 79
32 76
32 85
32 94
33 42
33 45
33 56
33 80
34 52
34 59
34 63
34 73
34 84
34 87
34 88
34 96
35 56
35 60
35 67
35 80
36 81
36 92
37 71
37 78
37 82
37 91
38 81
38 82
38 86
39 41
39 47
40 79
41 58
42 45
42 57
42 90
43 54
43 64
43 84
43 87
43 95
44 76
45 48
45 57
45 99
46 49
46 62
47 67
48 57
48 93
48 98
48 99
49 50
49 66
49 68
49 90
50 66
50 68
50 90
51 65
51 79
52 73
52 96
53 59
53 63
53 73
53 74
53 96
54 62
54 83
55 60
55 75
55 79
56 72
56 80
57 90
57 93
57 98
57 99
59 63
59 73
59 84
59 87
60 75
61 70
61 97
62 70
62 83
62 97
63 73
63 74
63 87
63 96
64 95
65 79
66 68
66 71
66 77
66 90
66 93
66 98
68 71
69 89
70 74
70 97
71 89
71 91
72 83
73 87
73 88
73 96
74 96
74 97
76 85
76 94
77 89
77 98
78 82
78 91
81 86
82 91
84 87
85 94
93 98
93 99
98 99
