0 32
0 35
0 62
0 92
0 93
1 16
1 19
1 28
1 45
1 50
1 79
2 23
2 74
2 96
3 7
3 13
3 19
3 27
3 28
3 36
3 44
3 50
4 9
4 53
4 56
4 66
4 68
4 78
4 84
4 87
4 90
5 17
5 94
6 26
6 65
7 13
7 15
7 19
7 27
7 33
7 50
7 52
7 57
7 58
7 64
7 80
8 21
8 45
8 47
8 79
8 82
9 53
9 68
9 73
9 78
9 87
9 90
10 24
10 43
10 58
10 60
10 63
10 84
10 89
11 18
11 34
11 41
11 49
11 61
11 71
12 14
12 39
12 42
12 54
13 15
13 19
13 24
13 27
13 33
13 52
13 57
13 58
13 64
13 80
13 89
14 39
14 42
14 54
15 27
15 33
15 52
15 57
15 58
15 60
15 64
15 80
15 85
15 88
17 18
17 49
17 61
17 94
18 34
18 41
18 49
18 61
18 71
19 27
19 28
19 50
19 52
19 79
20 81
20 83
21 45
21 47
21 59
21 82
21 91
22 43
22 55
22 56
22 77
22 84
23 44
23 74
24 36
24 58
24 63
24 89
25 31
25 48
25 59
25 80
26 39
26 42
26 65
27 33
27 50
27 52
27 57
27 58
27 64
27 80
28 44
28 50
28 79
29 30
29 38
29 43
29 60
29 67
30 38
30 67
31 48
31 59
31 70
31 72
32 35
32 37
32 46
32 62
32 92
32 93
33 52
33 57
33 58
33 64
33 80
33 85
33 88
34 35
34 41
34 62
34 71
34 92
34 93
35 37
35 46
35 62
35 71
35 92
35 93
36 63
36 73
36 89
37 46
37 62
37 86
38 67
38 69
38 75
38 98
38 99
39 42
39 54
39 65
40 42
40 82
40 91
41 71
41 92
42 65
42 82
43 55
43 67
43 77
43 84
44 74
45 47
45 79
46 62
46 86
47 59
47 82
48 72
49 61
49 94
50 79
51 75
52 57
52 58
52 64
52 80
53 66
53 68
53 73
53 78
53 87
53 90
55 77
55 84
56 66
56 68
56 84
56 87
57 58
57 60
57 64
57 80
57 88
58 60
58 64
58 89
59 82
59 91
60 88
61 94
62 71
62 92
62 93
63 73
63 89
64 80
64 85
66 68
66 78
66 84
66 87
66 90
67 77
67 98
67 99
68 78
68 87
68 90
69 98
69 99
70 72
70 81
70 83
70 95
71 92
71 93
72 95
73 78
73 89
73 90
76 95
77 99
78 87
78 90
80 85
80 88
81 83
81 91
82 91
83 91
85 86
85 88
86 88
87 90
92 93
96 97
98 99
