0 25
0 30
0 40
0 46
0 53
0 57
0 59
0 85
0 86
0 87
0 88
0 99
1 10
1 70
1 81
1 90
2 4
2 13
2 17
2 19
2 24
2 31
2 77
2 84
2 95
3 6
3 44
3 68
3 69
4 17
4 24
4 31
4 44
4 84
4 95
5 13
5 19
5 42
5 62
5 76
5 77
5 80
5 83
5 94
6 9
6 18
6 28
6 68
6 69
7 70
8 11
8 18
8 22
8 27
8 91
9 28
9 37
9 43
9 67
9 68
10 64
10 90
11 14
11 22
11 23
11 27
11 29
11 73
11 91
11 92
12 45
12 61
12 71
12 81
13 17
13 19
13 62
13 77
13 80
13 83
13 84
13 94
14 73
14 92
15 31
15 44
15 50
15 52
15 56
15 60
15 95
16 33
17 19
17 20
17 24
17 84
17 93
18 22
18 27
18 28
18 91
19 20
19 38
19 76
19 78
19 84
20 24
20 32
20 38
20 78
20 93
21 40
21 46
21 88
22 27
22 73
22 91
23 29
23 92
24 84
24 93
25 30
25 40
25 46
25 53
25 57
25 85
25 86
25 87
25 99
26 40
26 47
26 49
26 55
26 59
26 72
26 75
26 86
26 88
26 97
26 98
27 73
27 91
28 37
28 68
29 92
30 40
30 46
30 53
30 57
30 59
30 63
30 74
30 85
30 86
30 87
30 97
30 99
31 44
31 50
31 77
31 84
31 95
32 38
32 41
32 79
32 93
34 37
34 66
34 96
35 39
35 43
35 52
35 56
35 60
35 64
35 67
35 82
36 38
36 48
36 51
36 65
36 76
36 78
37 43
37 67
37 96
38 48
38 76
38 78
38 93
39 52
39 56
39 58
39 60
39 64
40 46
40 47
40 53
40 57
40 59
40 85
40 86
40 87
40 88
40 99
41 79
41 93
42 54
42 62
42 80
42 94
43 56
43 60
43 67
43 68
43 82
44 50
44 95
45 61
45 81
46 53
46 57
46 85
46 86
46 87
46 88
46 99
47 49
47 59
47 72
47 75
47 86
47 88
47 98
48 51
48 65
48 76
48 78
49 75
49 86
49 88
49 98
50 52
50 56
50 95
51 65
52 56
52 58
52 60
52 67
53 57
53 59
53 63
53 74
53 85
53 86
53 87
53 97
53 99
54 80
55 72
56 60
56 67
56 68
57 59
57 85
57 86
57 87
57 88
57 97
57 99
58 64
58 89
59 63
59 72
59 74
59 85
59 86
59 87
59 88
59 89
59 97
59 99
60 67
60 68
60 82
62 63
62 74
62 77
62 80
62 83
62 94
63 74
63 87
63 89
63 94
63 97
64 82
64 90
66 96
67 68
70 81
72 89
72 97
73 91
73 92
74 87
74 89
74 97
75 88
75 98
76 78
77 80
77 83
77 84
77 94
79 93
80 83
80 94
81 90
82 90
83 84
83 94
84 95
85 86
85 87
85 88
85 99
86 87
86 88
86 97
86 99
87 97
87 99
88 98
88 99
89 97
97 99
