0 33
0 84
1 4
1 6
1 33
1 80
1 86
1 93
2 23
2 27
2 30
2 37
2 43
2 48
2 71
2 85
2 98
3 9
3 19
3 26
3 41
3 57
3 64
3 77
3 79
3 88
3 95
4 9
4 33
4 53
4 77
4 80
4 98
5 15
5 69
5 72
5 81
5 92
6 14
6 50
6 54
6 61
6 93
7 18
7 78
7 84
7 90
8 16
8 22
8 36
8 54
8 61
8 62
8 66
8 74
9 26
9 53
9 64
9 77
9 95
10 52
10 68
11 29
11 36
11 42
11 55
11 66
12 31
12 38
12 40
12 59
12 99
13 50
13 61
13 82
13 86
13 91
13 93
14 18
14 21
14 34
14 63
14 84
14 90
15 17
15 49
15 72
16 22
16 36
16 62
16 66
16 74
17 49
18 21
18 34
18 63
18 84
18 90
19 26
19 33
19 41
19 57
19 64
19 73
19 77
19 79
19 88
20 38
20 40
20 59
20 60
20 73
20 99
21 34
21 55
21 63
21 87
21 90
22 36
22 54
22 62
22 63
22 66
22 74
23 27
23 30
23 37
23 43
23 48
23 71
23 85
24 34
24 78
24 87
24 96
24 97
25 28
25 35
25 51
25 65
25 70
25 83
25 89
26 57
26 64
26 77
26 79
26 88
26 95
27 37
27 43
27 71
27 80
27 82
27 85
27 98
28 35
28 44
28 45
28 51
28 65
28 70
28 75
28 83
28 89
29 36
29 42
29 55
29 66
30 37
30 48
30 85
31 38
31 59
31 60
32 76
32 94
33 77
34 42
34 55
34 78
34 87
34 90
34 97
35 51
35 65
35 70
35 83
35 89
36 55
36 62
36 63
36 66
36 74
37 43
37 48
37 71
37 85
37 98
38 40
38 59
38 60
38 99
39 48
39 67
40 41
40 59
40 60
40 73
40 88
40 99
41 57
41 73
41 76
41 79
41 88
42 55
42 63
42 87
43 69
43 71
43 82
43 85
44 45
44 89
45 75
45 89
46 96
48 85
50 54
50 61
50 86
50 93
51 58
51 65
51 70
51 75
51 83
51 89
52 68
52 74
53 77
53 98
54 61
54 63
54 66
54 74
54 93
55 63
55 66
55 87
56 75
56 76
56 94
57 64
57 76
57 79
57 88
58 67
58 70
58 95
59 60
59 99
60 99
61 86
61 93
62 66
62 74
63 66
63 87
64 77
64 79
64 88
64 95
65 70
65 83
65 89
66 74
68 74
69 71
69 72
69 81
69 82
69 92
70 75
70 83
70 89
71 80
71 82
72 81
72 92
73 88
73 99
76 94
77 79
78 84
78 90
78 96
78 97
79 88
79 95
80 86
80 98
81 82
81 91
81 92
82 91
82 92
83 89
84 90
86 93
87 97
91 92
96 97
